1 
1.1 
1.2 
1.3 
1.4 350.922 
1.5 316.983 
1.6 292.765 
1.7 274.978 
1.8 262.245 
1.9 4.148 250.173 
2 9.831 242.887 
2.1 27.09 251.175 
2.2 23.288 235.053 242.68 
2.3 19.0735 225.091 233.573 
2.4 16.729 219.772 225.589 
2.5 15.132 5.296 214.718 218.528 
2.6 13.9375 23.88 222.823 212.228 
2.7 12.9935 20.0195 208.049 206.598 
2.8 12.22 16.319 200.889 201.54 
2.9 11.5685 14.308 197.81 196.978 
3 11.0095 12.959 4.8235 195.349 192.844 194.411 
3.1 10.522 11.9595 37.1235 206.503 189.052 190.812 
3.2 10.0915 11.1745 19.306 189.919 185.658 187.558 
3.3 9.7075 10.5345 15.831 185.795 182.585 184.611 184.734 
3.4 9.362 9.997 13.899 186.255 179.805 181.941 182.11 
3.5 9.049 9.536 12.5945 11.497 185.602 177.262 179.516 179.75 179.771 
3.6 8.7635 9.135 11.6255 21.7545 182.543 174.956 177.312 177.63 
3.7 8.5015 8.7805 10.8645 16.734 178.534 172.973 175.322 175.734 175.794 
3.8 8.26 8.4645 10.2435 14.3695 179.533 171.252 173.523 174.04 174.137 
3.9 8.036 8.1805 9.7225 12.8695 10.473 180.332 169.77 171.886 172.527 172.679 
4 7.8285 7.922 9.2765 11.794 21.775 177.874 168.591 170.404 171.165 171.4 
4.1 7.635 7.6865 8.888 10.9675 16.6465 176.124 167.919 169.162 169.954 170.279 
4.2 7.4535 7.4705 8.5455 10.3035 14.2585 180.38 167.875 168.227 168.893 169.285 
4.3 7.2835 7.2715 8.2395 9.7535 12.752 21.034 187.077 169.26 167.938 168.083 168.398 
4.4 7.1235 7.0865 7.965 9.286 11.6755 19.6565 186.583 175.016 170.304 168.682 168.176 
4.5 6.973 6.914 7.716 8.8825 10.851 15.739 200.359 196.968 197.215 197.175 
4.6 6.8305 6.754 7.4885 8.5285 10.1895 13.6775 5.379 185.646 182.371 182.509 182.5 182.5 
4.7 6.696 6.6035 7.28 8.2145 9.642 12.321 23.7655 171.705 177.154 176.125 176.147 176.146 
4.8 6.568 6.462 7.088 7.933 9.1785 11.33 17.1735 164.14 6.093 168.852 5.3685 168.819 5.341 168.817 5.34 168.817 5.34 
4.9 6.446 6.3295 6.9095 7.679 8.7775 10.561 14.479 163.946 14.5795 164.09 16.354 164.394 16.8205 164.48 16.9475 164.504 16.982 
5 6.3305 6.204 6.7435 7.4485 8.427 9.938 12.847 29.347 155.407 27.4505 154.844 27.5545 154.874 27.548 154.873 27.5485 154.873 
5.1 6.2205 6.0845 6.5895 7.2365 8.1165 9.419 11.7065 18.3095 148.879 23.5945 149.395 23.1415 149.288 23.1645 149.293 23.1635 149.293 23.1635 
5.2 6.115 5.9725 6.444 7.0425 7.838 8.9775 10.844 15.0475 149.473 21.49 145.08 20.834 144.992 20.8685 144.995 20.8665 144.995 20.8665 
5.3 6.0145 5.8655 6.3085 6.8625 7.5865 8.5955 10.1585 13.2005 34.4445 144.657 19.027 141.516 19.38 141.479 19.3575 141.481 19.359 141.481 19.359 
5.4 5.918 5.764 6.18 6.696 7.3585 8.2585 9.596 11.9495 18.8545 138.411 18.2255 138.589 18.264 138.575 18.2615 138.575 18.2615 138.576 18.2615 
5.5 5.826 5.667 6.0595 6.54 7.15 7.9605 9.121 11.021 15.2975 140.031 17.5865 136.075 17.4015 136.208 17.414 136.198 17.413 136.199 17.413 136.199 
5.6 5.7375 5.5745 5.945 6.395 6.958 7.6925 8.7135 10.2935 13.3465 31.994 134.649 16.3635 134.876 16.7575 134.285 16.728 134.324 16.7295 134.321 16.73 134.321 
5.7 5.6525 5.486 5.8365 6.2585 6.7805 7.4505 8.358 9.7005 12.044 18.675 130.46 16.01 133.297 16.1745 132.929 16.162 132.955 16.163 132.953 16.163 132.953 16.163 
5.8 5.571 5.4015 5.7335 6.1305 6.616 7.23 8.044 9.2045 11.0855 15.2065 134.087 15.713 132.054 15.679 132.164 15.6815 132.156 15.6815 132.156 15.6815 132.156 15.6815 
5.9 5.492 5.3205 5.636 6.0095 6.463 7.028 7.7635 8.7805 10.3385 13.2825 26.7645 126.147 14.882 134.473 15.279 132.002 15.262 132.089 15.263 132.084 15.2625 132.084 15.263 
6 5.4165 5.2425 5.5425 5.896 6.3195 6.842 7.511 8.412 9.733 11.9925 17.9105 124.453 14.7075 3.6585 131.168 14.8865 133.123 14.8865 133.12 14.8865 133.12 14.8865 133.12 14.8865 
6.1 5.3435 5.168 5.4535 5.7875 6.1855 6.6705 7.282 8.088 9.2265 11.0415 14.827 3.1025 129.511 14.5405 6.785 129.548 14.5255 7.0265 129.552 14.524 7.054 129.552 14.524 7.057 129.553 14.5235 7.0575 129.553 14.5235 7.058 
6.2 5.273 5.0965 5.3685 5.685 6.059 6.511 7.073 7.7995 8.796 10.2985 13.038 22.657 119.584 13.9075 34.9855 121.031 13.791 31.606 120.557 13.8105 32.0635 120.621 13.8075 31.9925 120.611 13.808 32.0035 
6.3 5.2055 5.027 5.2875 5.5875 5.94 6.3625 6.8805 7.541 8.422 9.6955 11.814 16.8355 120.689 13.8475 31.0385 118.562 13.537 26.392 118.023 13.5765 26.8455 118.07 13.572 26.7885 118.064 13.5725 26.795 
6.4 5.1395 4.961 5.209 5.4945 5.828 6.223 6.704 7.3065 8.0935 9.1925 10.9015 14.2525 46.734 118.722 13.217 23.0065 116.057 13.3725 24.165 116.091 13.353 24.011 116.084 13.3555 24.0295 116.085 13.355 24.027 
6.5 5.0765 4.8965 5.1345 5.4065 5.721 6.093 6.54 7.0925 7.802 8.7635 10.1835 12.6595 19.632 114.932 13.231 22.656 114.419 13.1495 22.1435 114.441 13.16 22.2085 114.438 13.1585 22.1995 114.438 13.1585 22.201 114.438 13.1585 
6.6 5.015 4.835 5.0625 5.3215 5.6205 5.9705 6.387 6.897 7.5405 8.391 9.598 11.537 15.6755 121.399 13.257 22.3995 112.87 12.9435 20.683 113.102 12.9865 20.899 113.055 12.9805 20.867 113.061 12.981 20.872 113.06 12.981 20.871 
6.7 4.9555 4.7755 4.9935 5.2405 5.5245 5.8545 6.245 6.717 7.3035 8.064 9.1075 10.6855 13.577 24.084 111.325 12.7175 19.4065 112.141 12.839 19.923 111.899 12.819 19.836 111.935 12.8225 19.8495 111.929 12.822 19.8475 111.93 12.822 19.8475 
6.8 4.898 4.7175 4.927 5.1635 5.4335 5.745 6.1115 6.55 7.0885 7.7735 8.688 10.0075 12.198 17.3525 113.123 12.777 19.419 110.793 12.662 18.9655 111.093 12.6825 19.044 111.036 12.6785 19.03 111.046 12.6795 19.032 111.044 12.679 19.032 
6.9 4.842 4.662 4.863 5.089 5.3465 5.6415 5.986 6.395 6.8915 7.513 8.323 9.4505 11.193 14.5585 34.8695 108.981 12.272 17.4355 111.853 12.6135 18.584 110.184 12.5405 18.324 110.466 12.555 18.3755 110.406 12.552 18.365 110.418 12.553 18.367 
7 4.788 4.608 4.801 5.018 5.2635 5.5435 5.868 6.2505 6.71 7.277 8.0025 8.9805 10.4145 12.871 19.3335 108.358 12.353 17.5345 110.607 12.462 17.8835 109.959 12.4365 17.801 110.099 12.4425 17.8195 110.067 12.4405 17.8155 110.074 12.4415 17.8165 
7.1 4.7355 4.5555 4.7415 4.95 5.1835 5.45 5.757 6.1155 6.542 7.0625 7.717 8.5765 9.786 11.6955 15.5825 2.7385 119.288 12.4965 17.828 109.032 12.307 17.2435 110.366 12.354 17.387 109.987 12.342 17.349 110.082 12.345 17.359 110.057 12.3445 17.3565 
7.2 4.685 4.505 4.684 4.8835 5.108 5.361 5.6515 5.9885 6.3865 6.8665 7.46 8.2245 9.264 10.8095 13.5375 21.656 104.986 11.992 16.2345 114.545 12.3405 17.199 109.677 12.24 16.9095 110.713 12.2685 16.9915 110.395 12.2605 16.9675 110.485 12.263 16.9745 
7.3 4.6355 4.4555 4.629 4.82 5.0345 5.2765 5.5515 5.8695 6.2415 6.6855 7.228 7.9135 8.8205 10.108 12.1785 16.6095 111.679 12.1995 16.667 111.342 12.193 16.6485 111.448 12.195 16.654 111.414 12.1945 16.6525 111.424 12.195 16.653 111.421 12.1945 16.653 
7.4 4.587 4.4085 4.575 4.759 4.9645 5.1955 5.457 5.757 6.1055 6.5185 7.0165 7.636 8.437 9.533 11.183 14.1705 24.294 102.289 11.6865 15.275 39.803 102.438 11.561 14.987 32.46 102.229 11.5955 15.0665 33.9225 102.267 11.587 15.0465 33.5315 102.256 11.589 15.052 33.6285 
7.5 4.5405 4.362 4.523 4.7 4.8975 5.118 5.3665 5.6505 5.9785 6.363 6.823 7.3865 8.101 9.05 10.4085 12.626 17.5775 106.395 11.9105 15.7035 16.105 119.035 12.065 16.078 118.283 12.114 16.201 116.067 12.0995 16.1645 116.667 12.1045 16.1765 116.469 12.1025 
7.6 4.4945 4.317 4.4725 4.6435 4.833 5.0435 5.2805 5.55 5.859 6.2185 6.6445 7.16 7.8025 8.636 9.7825 11.5235 14.739 27.028 99.947 11.428 14.5385 25.5045 100.021 11.4515 14.5865 25.847 99.999 11.446 14.5745 25.761 100.004 11.447 14.5775 25.782 100.003 11.4465 14.5765 25.777 
7.7 4.4505 4.2735 4.4235 4.5885 4.7705 4.9725 5.1985 5.4545 5.746 6.0835 6.4795 6.9535 7.536 8.275 9.2615 10.6805 13.019 18.403 102.915 11.67 14.9715 28.1115 98.86 11.3175 14.2365 23.152 99.3 11.408 14.42 24.153 99.129 11.3825 14.368 23.8575 99.1725 11.389 14.3825 23.9375 99.16 11.3875 
7.8 4.4075 4.231 4.3765 4.5355 4.71 4.9045 5.12 5.3635 5.6395 5.9565 6.3265 6.764 7.295 7.9575 8.8185 10.0065 11.819 15.208 29.2655 97.8065 11.2135 13.963 21.4935 98.88 11.3815 14.2935 22.9905 98.374 11.326 14.1835 22.462 98.518 11.3435 14.218 22.6235 98.4705 11.338 14.2065 22.572 98.4855 11.3395 
7.9 4.3655 4.19 4.3305 4.4835 4.6525 4.8385 5.045 5.277 5.5385 5.8375 6.1835 6.5895 7.0765 7.674 8.435 9.4505 10.9155 13.34 18.9965 100.416 11.4835 14.4265 23.1865 97.4 11.24 13.9485 21.1065 98.2065 11.325 14.1135 21.7725 97.868 11.293 14.05 21.5135 97.988 11.305 14.0735 21.6075 97.9425 11.301 14.0645 
8 4.325 4.1495 4.286 4.434 4.5965 4.7755 4.973 5.1945 5.4425 5.7255 6.0495 6.428 6.876 7.42 8.0985 8.981 10.1995 12.061 15.546 30.15 95.8235 11.041 13.513 19.321 99.213 11.3985 14.1865 21.7195 97.0385 11.2265 13.858 20.4725 97.8485 11.2995 13.996 20.977 97.464 11.2665 13.934 20.7465 97.628 11.2815 13.961 
8.1 4.285 4.1105 4.2425 4.386 4.5425 4.7145 4.9045 5.115 5.352 5.619 5.9245 6.2775 6.6925 7.189 7.8005 8.5765 9.6135 11.107 13.575 19.2895 98.6505 11.361 14.0465 20.8555 96.773 11.218 13.778 19.933 97.6815 11.292 13.916 20.3975 97.171 11.252 13.8405 20.1425 97.436 11.273 13.8805 20.2765 97.2925 11.2615 13.8595 
8.2 4.246 4.0725 4.2005 4.3395 4.49 4.656 4.838 5.04 5.265 5.5185 5.8065 6.137 6.523 6.9795 7.533 8.2235 9.121 10.3575 12.2395 15.7325 29.3685 94.0185 10.91 13.1675 17.9375 102.998 11.6245 14.4785 22.16 95.2135 11.0885 13.4825 18.8025 99.2725 11.4115 14.074 20.6565 96.2145 11.186 13.658 19.3185 98.042 11.329 
8.3 4.208 4.0355 4.1595 4.294 4.44 4.599 4.7745 4.9675 5.1825 5.423 5.6955 6.006 6.365 6.787 7.292 7.912 8.699 9.747 11.2505 13.714 19.26 97.6875 11.3265 13.8505 19.67 96.8585 11.263 13.7355 19.3255 97.5405 11.315 13.831 19.6095 96.9675 11.2715 13.7515 19.3705 97.4405 11.308 13.8175 19.568 97.044 11.2775 13.7625 
8.4 4.171 3.9995 4.12 4.2495 4.391 4.5445 4.713 4.8985 5.1035 5.3325 5.5905 5.8825 6.2185 6.61 7.073 7.6335 8.3315 9.236 10.477 12.3505 15.7615 27.509 92.444 10.822 12.917 17.0105 45.2755 92.161 10.7555 12.805 16.7535 38.2785 92.1435 10.7495 12.796 16.732 37.867 92.1445 10.7505 12.7965 16.7335 37.8995 92.144 10.7505 12.7965 16.7335 
8.5 4.135 3.964 4.0815 4.207 4.3435 4.492 4.6535 4.832 5.028 5.2465 5.4905 5.767 6.0815 6.446 6.8725 7.383 8.008 8.7995 9.8485 11.343 13.7545 18.9445 98.091 11.4725 13.984 19.5875 96.12 11.294 13.668 18.713 99.1275 11.565 14.1505 20.0775 95.1375 11.2005 13.5065 18.29 101.899 11.8175 14.6155 21.5845 93.4065 11.0205 13.1985 
8.6 4.0995 3.93 4.0435 4.1655 4.298 4.4405 4.597 4.768 4.9555 5.1645 5.396 5.6575 5.9535 6.293 6.6885 7.156 7.72 8.4205 9.3245 10.556 12.392 15.6435 25.317 91.1915 10.7945 12.774 16.4345 30.148 90.689 10.7005 12.6225 16.1145 27.909 90.838 10.7315 12.6725 16.2185 28.584 90.783 10.72 12.655 16.181 28.336 90.8025 10.724 12.661 16.194 28.422 
8.7 4.065 3.8965 4.0065 4.1255 4.253 4.3915 4.5415 4.7065 4.8865 5.0855 5.3065 5.554 5.833 6.151 6.5185 6.9485 7.4615 8.0875 8.8775 9.9175 11.3835 13.701 18.4125 102.367 12.904 16.5865 30.0105 89.9415 10.6705 12.5305 15.817 25.495 90.43 10.764 12.678 16.1155 27.023 90.188 10.72 12.6085 15.975 26.2735 90.2925 10.7395 12.639 16.037 26.597 
8.8 4.0315 3.8635 3.971 4.086 4.21 4.3435 4.489 4.647 4.82 5.0105 5.221 5.456 5.7195 6.018 6.361 6.758 7.227 7.792 8.49 9.3855 10.594 12.368 15.4 23.206 90.466 10.874 12.807 16.265 26.9885 89.474 10.702 12.535 15.7235 24.4685 89.985 10.7945 12.681 16.0115 25.7335 89.6765 10.74 12.5955 15.841 24.968 89.8475 10.7705 12.644 15.936 25.3895 
8.9 3.998 3.832 3.936 4.048 4.1675 4.2975 4.4375 4.59 4.756 4.9385 5.1395 5.363 5.6125 5.8935 6.214 6.5825 7.014 7.5265 8.15 8.932 9.9535 11.374 13.5645 17.7435 37.155 88.449 10.6235 12.3705 15.3115 22.4665 90.2655 10.97 12.911 16.3575 26.6455 88.8255 10.7045 12.496 15.546 23.277 89.788 10.8855 12.778 16.092 25.425 89.055 10.7505 12.566 15.6805 23.7685 
9 3.9665 3.8005 3.902 4.0105 4.127 4.2525 4.388 4.5345 4.695 4.8695 5.0615 5.2745 5.511 5.776 6.077 6.4205 6.8185 7.2865 7.8485 8.5395 9.4185 10.593 12.2835 15.061 21.3215 90.759 11.2755 13.3465 17.1205 29.8245 87.832 10.6405 12.3545 15.191 21.7065 90.3175 11.174 13.184 16.7845 27.9255 87.9785 10.6745 12.407 15.2855 21.9955 90.037 11.112 13.0855 16.5855 26.9365 
9.1 3.9345 3.7705 3.8685 3.9745 4.0875 4.209 4.3395 4.4815 4.6355 4.8035 4.987 5.19 5.415 5.666 5.9485 6.269 6.639 7.0685 7.578 8.195 8.963 9.957 11.3185 13.359 17.006 28.094 87.286 10.6905 12.389 15.162 21.284 90.1385 11.4985 13.649 17.6075 31.5825 87.1015 10.6425 12.317 15.034 20.928 90.5785 11.7 13.9785 18.324 37.8635 87.2535 10.6825 12.3765 15.14 21.221 
9.2 3.904 3.7405 3.8365 3.939 4.049 4.1665 4.2935 4.43 4.5785 4.7395 4.916 5.1095 5.3235 5.5615 5.8275 6.129 6.472 6.869 7.334 7.8895 8.5685 9.4255 10.555 12.146 14.655 19.684 60.458 31.581 86.4445 10.683 12.3355 14.98 20.492 87.9495 13.3005 16.756 26.1295 86.881 10.8145 12.5315 15.325 21.4055 89.016 11.7945 14.0675 18.3375 35.2 86.5125 10.704 12.366 15.0335 
9.3 3.874 3.7115 3.8045 3.905 4.011 4.1255 4.248 4.3805 4.5235 4.6785 4.8475 5.033 5.2365 5.4625 5.714 5.997 6.3175 6.6855 7.112 7.616 8.2225 8.9715 9.9305 11.221 13.1 16.251 23.7285 86.7865 11.2025 13.072 16.1985 23.564 86.846 11.2385 13.126 16.3 23.8835 86.732 11.172 13.0245 16.112 23.2955 86.947 11.3045 13.2275 16.4885 24.505 86.534 11.07 12.87 15.8305 22.4615 
9.4 3.8445 3.6825 3.774 3.8715 3.9745 4.0855 4.2045 4.3325 4.47 4.6195 4.782 4.9595 5.154 5.3685 5.6065 5.8735 6.1735 6.5155 6.9095 7.369 7.915 8.578 9.407 10.4835 11.966 14.209 18.2705 31.045 85.0505 10.87 12.526 15.1325 20.312 51.589 38.2655 85.4465 11.133 12.916 15.8075 22.0085 84.5095 12.755 15.5255 21.2755 77.69 15.5005 21.212 76.337 16.0155 22.577 
9.5 3.8155 3.655 3.744 3.838 3.9395 4.0465 4.162 4.2855 4.419 4.563 4.719 4.8885 5.075 5.2795 5.505 5.757 6.039 6.358 6.723 7.1445 7.64 8.233 8.9585 9.876 11.0895 12.8025 15.5095 20.9185 52.9 30.007 84.1775 11.0615 12.761 15.4395 20.7525 50.0395 35.1565 84.264 11.224 13.002 15.8525 21.7605 71.586 16.92 24.7425 84.2385 11.573 13.5275 16.7915 24.3485 84.162 
9.6 3.7875 3.6275 3.7145 3.806 3.9045 4.009 4.121 4.2405 4.369 4.508 4.6585 4.8215 4.999 5.1945 5.409 5.647 5.913 6.2115 6.5505 6.9395 7.392 7.9255 8.5695 9.3645 10.383 11.753 13.7425 17.049 24.547 81.5875 12.3435 14.664 18.816 30.8195 82.9205 11.387 13.192 16.0735 21.9455 59.2105 21.867 57.843 22.7735 72.764 15.611 20.8505 44.1665 45.778 39.5955 77.0465 
9.7 3.7595 3.601 3.6855 3.7755 3.8705 3.9725 4.0805 4.1965 4.3215 4.455 4.6 4.7565 4.927 5.1135 5.3175 5.5435 5.794 6.0745 6.391 6.751 7.166 7.651 8.2265 8.925 9.798 10.9285 12.4795 14.8005 18.882 29.7755 80.638 11.9975 14.0515 17.4645 25.1405 77.456 13.274 16.1005 21.651 45.795 33.626 79.5005 12.5085 14.846 18.973 30.1215 80.6285 12.0025 14.058 17.4775 25.1785 77.5565 13.2385 16.04 
9.8 3.7325 3.575 3.657 3.745 3.838 3.9365 4.0415 4.1545 4.2745 4.404 4.5435 4.6945 4.8575 5.036 5.2305 5.4455 5.682 5.9465 6.242 6.577 6.96 7.4025 7.922 8.5425 9.3015 10.258 11.515 13.2725 15.9865 21.0645 37.461 51.568 24.1655 59.7765 19.1885 29.6555 75.184 13.4305 16.249 21.635 40.575 40.06 41.5565 37.5435 51.1805 24.4735 62.2405 18.074 26.1885 71.4685 14.655 
9.9 3.706 3.5495 3.6295 3.715 3.806 3.9015 4.004 4.113 4.2295 4.3545 4.4895 4.634 4.7915 4.962 5.1475 5.352 5.5765 5.8255 6.1035 6.416 6.7705 7.1765 7.6485 8.205 8.874 9.6975 10.746 12.1425 14.133 17.306 23.6175 46.478 26.8355 60.648 17.922 25.102 54.0625 21.1495 35.1585 48.5685 24.9435 53.295 21.6025 36.9775 42.915 31 61.303 17.6505 24.4335 50.724 23.2865 44.7845 
10 3.68 3.524 3.6025 3.686 3.7745 3.8675 3.967 4.073 4.186 4.307 4.437 4.5765 4.7275 4.8905 5.069 5.263 5.4765 5.712 5.9735 6.266 6.5955 6.97 7.4015 7.9045 8.5 9.22 10.113 11.261 12.8085 15.057 18.749 26.4505 49.0675 23.1045 39.3725 32.983 45.278 26.096 48.331 23.626 41.118 30.5665 49.745 22.647 37.841 35.4425 39.995 32.077 47.154 24.515 44.0105 27.299 
10.1 3.6545 3.4995 3.5765 3.6575 3.7435 3.8345 3.9315 4.034 4.1435 4.2605 4.386 4.521 4.666 4.823 4.9935 5.1785 5.382 5.6045 5.8515 6.1255 6.433 6.7805 7.177 7.6345 8.1695 8.806 9.58 10.5465 11.8 13.51 16.0345 20.2755 29.217 43.313 26.1515 42.167 27.2045 43.1855 26.2645 42.307 27.071 43.0935 26.3465 42.4055 26.9785 43.023 26.41 42.4775 26.9105 42.968 26.4595 42.533 26.859 42.9245 
10.2 3.6295 3.4755 3.5505 3.63 3.7135 3.8025 3.896 3.9965 4.1025 4.2155 4.3375 4.467 4.607 4.7575 4.921 5.0985 5.291 5.5035 5.736 5.9945 6.2825 6.6055 6.971 7.39 7.8745 8.443 9.1225 9.9525 10.9965 12.3585 14.238 17.0445 21.8035 31.2675 36.9305 30.5785 37.544 29.915 38.037 29.3955 38.341 29.082 38.4845 28.9355 38.5405 28.879 38.56 28.859 38.567 28.8525 38.5685 28.8505 38.5695 28.8495 38.5695 
10.3 3.605 3.4515 3.5255 3.6025 3.6845 3.7705 3.8625 3.9595 4.0625 4.1725 4.2895 4.4155 4.55 4.695 4.8515 5.0215 5.2055 5.407 5.6275 5.8715 6.1415 6.443 6.782 7.167 7.6085 8.121 8.7245 9.448 10.336 11.458 12.932 14.9785 18.052 23.2015 32.028 33.1295 32.1355 33.0365 32.2215 32.961 32.292 32.8985 32.3495 32.8475 32.3965 32.806 32.4345 32.7715 32.4665 32.743 32.4925 32.72 32.5135 32.7005 32.531 32.685 32.5455 
10.4 3.581 3.4285 3.5005 3.576 3.656 3.74 3.829 3.9235 4.024 4.13 4.244 4.365 4.4955 4.6345 4.7855 4.9475 5.124 5.3155 5.525 5.755 6.0095 6.292 6.6075 6.963 7.368 7.8325 8.3735 9.0125 9.7805 10.727 11.927 13.51 15.714 19.007 24.3095 31.5585 31.182 31.4415 31.264 31.386 31.3025 31.3595 31.3205 31.3475 31.329 31.3415 31.333 31.339 31.335 31.3375 31.336 31.337 31.336 31.3365 31.3365 31.3365 31.3365 31.3365 
10.5 3.557 3.406 3.4765 3.55 3.628 3.71 3.7965 3.8885 3.986 4.0895 4.1995 4.3165 4.4425 4.5765 4.7215 4.877 5.0455 5.2285 5.428 5.646 5.8855 6.1505 6.4455 6.7755 7.148 7.5725 8.0615 8.6305 9.305 10.118 11.122 12.397 14.0815 16.4185 19.8515 24.9995 30.4205 29.994 30.2095 30.1035 30.156 30.13 30.143 30.1365 30.14 30.138 30.139 30.1385 30.139 30.1385 30.1385 30.139 30.1385 30.1385 30.139 30.1385 30.139 30.1385 30.1385 30.139 
10.6 3.5335 3.384 3.4525 3.5245 3.6005 3.681 3.765 3.8545 3.9495 4.0495 4.1565 4.2695 4.391 4.521 4.66 4.8095 4.971 5.1455 5.3355 5.5425 5.769 6.0185 6.2945 6.602 6.9465 7.3365 7.7805 8.293 8.8915 9.6005 10.457 11.5155 12.8605 14.632 17.064 20.5265 25.2375 29.1135 28.9775 29.0235 29.008 29.0135 29.0115 29.0125 29.012 29.012 29.012 29.0125 29.012 29.012 29.012 29.012 29.012 29.012 29.0125 29.012 29.012 29.012 29.012 29.012 29.0125 29.012 
10.7 3.5115 3.3615 3.4295 3.4995 3.574 3.652 3.7345 3.8215 3.9135 4.011 4.1145 4.2245 4.3415 4.467 4.6005 4.745 4.899 5.067 5.2475 5.444 5.659 5.8945 6.1535 6.441 6.761 7.1205 7.527 7.9915 8.527 9.1535 9.8965 10.7945 11.9025 13.3075 15.1445 17.622 20.9915 25.0865 27.8645 27.9675 27.948 27.9515 27.951 27.951 27.951 27.951 27.951 27.951 27.951 27.951 27.951 27.951 27.951 27.951 27.951 27.951 27.951 27.951 27.951 27.951 27.951 27.951 27.951 
10.8 3.489 3.3405 3.406 3.4755 3.5475 3.624 3.7045 3.789 3.879 3.9735 4.0735 4.1805 4.294 4.415 4.5435 4.6825 4.831 4.991 5.1635 5.351 5.555 5.7775 6.022 6.2905 6.5895 6.9225 7.296 7.7195 8.2035 8.762 9.4155 10.19 11.125 12.277 13.728 15.6025 18.0665 21.232 24.665 26.7205 26.9645 26.949 26.9505 26.9505 26.9505 26.9505 26.95 26.9505 26.9505 26.95 26.9505 26.9505 26.9505 26.95 26.9505 26.9505 26.9505 26.95 26.9505 26.9505 26.9505 26.95 26.9505 26.9505 26.95 
10.9 3.467 3.319 3.384 3.4515 3.522 3.5965 3.6755 3.7575 3.845 3.937 4.034 4.138 4.2475 4.3645 4.489 4.6225 4.765 4.9185 5.084 5.2625 5.456 5.6675 5.8975 6.151 6.4295 6.7395 7.085 7.473 7.913 8.416 8.996 9.6745 10.4775 11.4455 12.63 14.1115 15.9915 18.3815 21.2635 24.0825 25.6715 25.9885 26.005 26.006 26.0055 26.0055 26.006 26.0055 26.0055 26.0055 26.006 26.0055 26.0055 26.006 26.0055 26.0055 26.0055 26.006 26.0055 26.0055 26.006 26.0055 26.0055 26.0055 26.006 26.0055 26.0055 
11 3.445 3.299 3.3615 3.428 3.4975 3.5695 3.6465 3.727 3.812 3.9015 3.996 4.0965 4.2025 4.316 4.436 4.5645 4.702 4.849 5.0075 5.1785 5.3625 5.563 5.781 6.019 6.281 6.57 6.891 7.248 7.651 8.106 8.627 9.227 9.9285 10.756 11.749 12.9565 14.4475 16.2985 18.563 21.121 23.4205 24.699 25.0515 25.105 25.112 25.1125 25.113 25.1125 25.1125 25.113 25.1125 25.113 25.1125 25.113 25.1125 25.1125 25.113 25.1125 25.113 25.1125 25.113 25.1125 25.113 25.1125 25.1125 25.113 25.1125 25.113 
11.1 3.4245 3.2785 3.34 3.405 3.4725 3.544 3.6185 3.697 3.7795 3.867 3.9585 4.0565 4.159 4.269 4.385 4.5085 4.6415 4.7825 4.9345 5.0975 5.274 5.464 5.6705 5.896 6.142 6.4125 6.711 7.042 7.4125 7.8275 8.298 8.835 9.4535 10.1735 11.0215 12.0315 13.249 14.7275 16.518 18.6175 20.846 22.7285 23.7905 24.157 24.245 24.2635 24.267 24.2675 24.268 24.268 24.268 24.2675 24.268 24.268 24.268 24.2675 24.268 24.268 24.268 24.268 24.2675 24.268 24.268 24.268 24.268 24.2675 24.268 24.268 24.268 24.268 
11.2 3.4035 3.2585 3.319 3.3825 3.449 3.518 3.591 3.6675 3.7485 3.833 3.9225 4.017 4.1175 4.223 4.3355 4.4555 4.5825 4.719 4.8645 5.0205 5.189 5.37 5.5665 5.7795 6.0115 6.2655 6.5445 6.8525 7.194 7.575 8.003 8.487 9.0385 9.6725 10.4085 11.2695 12.288 13.501 14.9465 16.648 18.559 20.4805 22.0335 22.938 23.306 23.4225 23.4555 23.4645 23.467 23.4675 23.468 23.468 23.4675 23.468 23.4675 23.468 23.468 23.4675 23.468 23.4675 23.468 23.468 23.4675 23.468 23.468 23.4675 23.468 23.4675 23.468 23.468 23.4675 23.468 
11.3 3.383 3.239 3.2985 3.36 3.4255 3.493 3.564 3.6395 3.7175 3.8 3.8875 3.979 4.0765 4.179 4.2875 4.4035 4.5265 4.6575 4.797 4.9475 5.108 5.281 5.4675 5.6695 5.889 6.128 6.3895 6.6765 6.9935 7.3445 7.736 8.176 8.672 9.236 9.882 10.629 11.497 12.514 13.708 15.102 16.693 18.4085 20.055 21.3525 22.1355 22.497 22.6365 22.685 22.701 22.707 22.7085 22.709 22.7095 22.709 22.7095 22.7095 22.7095 22.7095 22.709 22.7095 22.7095 22.7095 22.7095 22.7095 22.709 22.7095 22.7095 22.7095 22.7095 22.7095 22.709 22.7095 22.7095 
11.4 3.363 3.22 3.278 3.3385 3.402 3.4685 3.538 3.611 3.688 3.768 3.853 3.9425 4.0365 4.136 4.2415 4.3535 4.472 4.5985 4.7325 4.877 5.0305 5.196 5.374 5.566 5.773 5.999 6.2445 6.5135 6.808 7.1335 7.4935 7.895 8.3445 8.851 9.4255 10.08 10.8325 11.7005 12.706 13.8675 15.1935 16.6615 18.1855 19.596 20.692 21.3785 21.7295 21.885 21.949 21.974 21.984 21.9875 21.989 21.9895 21.99 21.9895 21.99 21.99 21.99 21.99 21.99 21.9895 21.99 21.99 21.99 21.99 21.99 21.9895 21.99 21.99 21.99 21.99 21.99 21.99 21.9895 
11.5 3.3435 3.201 3.2575 3.3175 3.3795 3.4445 3.5125 3.584 3.6585 3.737 3.8195 3.9065 3.9975 4.095 4.1965 4.305 4.4195 4.5415 4.671 4.809 4.957 5.115 5.2845 5.467 5.6645 5.8775 6.109 6.3605 6.6365 6.939 7.2715 7.6405 8.05 8.5085 9.023 9.604 10.264 11.0165 11.8775 12.861 13.9785 15.225 16.5645 17.9095 19.1195 20.056 20.664 21.0015 21.1685 21.2455 21.28 21.295 21.302 21.3045 21.306 21.306 21.307 21.3065 21.307 21.3065 21.307 21.3065 21.307 21.307 21.3065 21.307 21.3065 21.307 21.307 21.3065 21.307 21.307 21.3065 21.307 21.3065 21.307 21.307 
11.6 3.3235 3.1825 3.238 3.2965 3.3575 3.421 3.4875 3.557 3.63 3.7065 3.787 3.8715 3.9605 4.054 4.1535 4.258 4.369 4.4865 4.6115 4.744 4.886 5.0375 5.1995 5.374 5.561 5.7625 5.9815 6.219 6.4765 6.759 7.0675 7.408 7.7835 8.2005 8.666 9.186 9.771 10.432 11.179 12.025 12.9785 14.042 15.2015 16.413 17.596 18.639 19.446 19.9895 20.311 20.4845 20.5735 20.617 20.638 20.6485 20.6535 20.6555 20.6565 20.6575 20.6575 20.6575 20.6575 20.658 20.6575 20.658 20.6575 20.6575 20.658 20.6575 20.658 20.6575 20.658 20.6575 20.658 20.6575 20.6575 20.658 20.6575 20.658 20.6575 
11.7 3.3045 3.164 3.219 3.276 3.3355 3.398 3.463 3.531 3.602 3.677 3.755 3.8375 3.924 4.015 4.1115 4.2125 4.32 4.4335 4.554 4.682 4.818 4.9635 5.1185 5.2845 5.463 5.655 5.8615 6.085 6.3275 6.5915 6.8795 7.1945 7.541 7.9225 8.3455 8.815 9.339 9.925 10.5815 11.318 12.1425 13.058 14.061 15.13 16.219 17.2575 18.161 18.864 19.351 19.6565 19.8335 19.931 19.9835 20.011 20.025 20.0325 20.0365 20.0385 20.0395 20.04 20.04 20.0405 20.0405 20.0405 20.0405 20.0405 20.0405 20.0405 20.0405 20.0405 20.0405 20.0405 20.0405 20.041 20.0405 20.0405 20.0405 20.0405 20.0405 20.0405 
11.8 3.286 3.146 3.2 3.256 3.314 3.3755 3.439 3.505 3.575 3.648 3.724 3.8045 3.8885 3.977 4.0705 4.169 4.2725 4.382 4.499 4.622 4.753 4.892 5.041 5.2 5.37 5.552 5.7485 5.9595 6.1885 6.4355 6.7045 6.998 7.3185 7.6695 8.0565 8.4835 8.956 9.48 10.063 10.712 11.433 12.229 13.1015 14.039 15.017 15.992 16.905 17.6915 18.308 18.7475 19.036 19.2135 19.318 19.3775 19.4115 19.43 19.4405 19.446 19.4495 19.451 19.452 19.453 19.453 19.453 19.453 19.4535 19.453 19.4535 19.453 19.4535 19.453 19.4535 19.453 19.4535 19.4535 19.453 19.4535 19.453 19.4535 19.453 19.4535 19.4535 
11.9 3.2675 3.1285 3.1815 3.236 3.2935 3.353 3.4155 3.48 3.5485 3.6195 3.694 3.772 3.854 3.94 4.031 4.126 4.227 4.3325 4.4455 4.564 4.6905 4.8245 4.967 5.1185 5.2815 5.455 5.641 5.8415 6.0575 6.29 6.542 6.816 7.1135 7.4385 7.794 8.1845 8.6135 9.086 9.609 10.185 10.822 11.522 12.2865 13.11 13.98 14.8705 15.742 16.545 17.2335 17.7785 18.176 18.448 18.6235 18.7325 18.7985 18.838 18.8615 18.875 18.883 18.8875 18.8905 18.892 18.8925 18.8935 18.894 18.894 18.894 18.894 18.894 18.894 18.8945 18.894 18.894 18.894 18.8945 18.894 18.894 18.8945 18.894 18.894 18.8945 18.894 18.894 18.8945 
12 3.2495 3.1115 3.163 3.2165 3.273 3.3315 3.392 3.456 3.522 3.592 3.6645 3.7405 3.8205 3.904 3.9925 4.0845 4.1825 4.285 4.3935 4.509 4.63 4.759 4.8955 5.042 5.1965 5.3625 5.54 5.73 5.9335 6.1535 6.3905 6.647 6.9245 7.226 7.5545 7.913 8.305 8.7345 9.206 9.723 10.2905 10.911 11.586 12.314 13.087 13.89 14.6975 15.475 16.1835 16.79 17.2735 17.635 17.89 18.0625 18.174 18.245 18.29 18.3175 18.3345 18.345 18.3515 18.3555 18.3575 18.3595 18.36 18.3605 18.361 18.361 18.3615 18.3615 18.361 18.3615 18.3615 18.3615 18.3615 18.3615 18.3615 18.3615 18.3615 18.3615 18.3615 18.3615 18.3615 18.3615 18.3615 18.3615 
12.1 3.2315 3.094 3.145 3.198 3.2525 3.31 3.3695 3.432 3.497 3.5645 3.636 3.7095 3.788 3.869 3.9545 4.045 4.139 4.239 4.344 4.455 4.572 4.696 4.828 4.9675 5.116 5.2745 5.4435 5.6245 5.8175 6.025 6.2485 6.4895 6.7485 7.03 7.3345 7.6655 8.0255 8.418 8.846 9.3135 9.823 10.3775 10.979 11.626 12.3145 13.036 13.773 14.5035 15.1975 15.8245 16.361 16.793 17.122 17.3615 17.5285 17.6415 17.717 17.7655 17.7975 17.8175 17.831 17.839 17.8445 17.8475 17.85 17.8515 17.852 17.853 17.853 17.853 17.8535 17.8535 17.8535 17.854 17.8535 17.8535 17.854 17.8535 17.8535 17.854 17.8535 17.8535 17.854 17.8535 17.854 17.8535 17.8535 
12.2 3.214 3.0775 3.127 3.1795 3.233 3.289 3.3475 3.4085 3.4715 3.5385 3.6075 3.68 3.7555 3.835 3.9185 4.0055 4.0975 4.194 4.296 4.403 4.516 4.636 4.7625 4.8965 5.039 5.191 5.352 5.5235 5.708 5.9045 6.115 6.342 6.5855 6.848 7.1315 7.4385 7.771 8.131 8.5225 8.947 9.408 9.9075 10.447 11.026 11.642 12.2905 12.96 13.6345 14.294 14.914 15.471 15.9475 16.335 16.636 16.86 17.021 17.1345 17.2115 17.2645 17.2995 17.3235 17.339 17.349 17.3565 17.3605 17.3635 17.3655 17.367 17.3675 17.3685 17.3685 17.369 17.369 17.369 17.3695 17.369 17.3695 17.369 17.3695 17.3695 17.369 17.3695 17.3695 17.369 17.3695 17.3695 17.369 17.3695 17.3695 
12.3 3.1965 3.061 3.1095 3.161 3.2135 3.2685 3.326 3.3855 3.4475 3.512 3.58 3.651 3.7245 3.802 3.8825 3.968 4.057 4.1505 4.2495 4.3525 4.4625 4.5775 4.6995 4.829 4.9655 5.1105 5.2645 5.429 5.6035 5.7905 5.9895 6.2035 6.433 6.679 6.944 7.2295 7.537 7.87 8.2295 8.6175 9.037 9.4895 9.9765 10.498 11.053 11.6365 12.244 12.8625 13.4785 14.0735 14.628 15.1245 15.55 15.8995 16.1745 16.384 16.539 16.6505 16.73 16.785 16.8235 16.8505 16.868 16.881 16.889 16.895 16.8985 16.9015 16.9035 16.9045 16.905 16.906 16.9065 16.9065 16.9065 16.907 16.907 16.907 16.907 16.907 16.907 16.907 16.9075 16.907 16.907 16.907 16.907 16.9075 16.907 16.907 16.907 
12.4 3.18 3.0445 3.0925 3.143 3.1945 3.248 3.3045 3.363 3.4235 3.4875 3.553 3.622 3.694 3.7695 3.8485 3.931 4.018 4.1085 4.204 4.3045 4.41 4.5215 4.6395 4.763 4.895 5.034 5.1815 5.338 5.505 5.6825 5.8715 6.0735 6.29 6.5215 6.7695 7.036 7.3225 7.6305 7.962 8.319 8.703 9.1155 9.5575 10.0305 10.5315 11.0605 11.611 12.177 12.7475 13.309 13.8455 14.343 14.787 15.168 15.484 15.7365 15.9325 16.08 16.19 16.27 16.327 16.368 16.3975 16.4175 16.4325 16.442 16.4495 16.454 16.458 16.46 16.462 16.463 16.464 16.464 16.465 16.465 16.4655 16.4655 16.4655 16.4655 16.4655 16.4655 16.466 16.4655 16.466 16.4655 16.466 16.4655 16.4655 16.466 16.4655 16.466 16.4655 
12.5 3.163 3.0285 3.076 3.1245 3.176 3.2285 3.284 3.3405 3.4005 3.462 3.527 3.594 3.6645 3.738 3.815 3.8955 3.979 4.068 4.16 4.258 4.3595 4.468 4.5805 4.701 4.827 4.9605 5.102 5.252 5.411 5.58 5.7595 5.9515 6.1555 6.374 6.607 6.8565 7.1235 7.4105 7.7175 8.047 8.4005 8.778 9.182 9.6125 10.0685 10.5485 11.05 11.5675 12.093 12.618 13.1285 13.614 14.0605 14.4585 14.8015 15.088 15.3205 15.503 15.6445 15.751 15.8305 15.8895 15.9325 15.964 15.9865 16.0025 16.0145 16.023 16.029 16.033 16.0365 16.0385 16.04 16.041 16.042 16.0425 16.0435 16.043 16.0435 16.044 16.0435 16.044 16.044 16.044 16.044 16.044 16.044 16.044 16.044 16.044 16.044 16.044 16.044 16.0445 
12.6 3.1465 3.013 3.0595 3.1075 3.157 3.2095 3.263 3.319 3.3775 3.438 3.501 3.567 3.636 3.707 3.782 3.8605 3.9425 4.028 4.118 4.212 4.3115 4.415 4.525 4.6405 4.7615 4.8905 5.026 5.1695 5.3215 5.483 5.654 5.8355 6.0295 6.235 6.455 6.6895 6.9395 7.207 7.4925 7.798 8.1245 8.472 8.843 9.237 9.6535 10.0915 10.55 11.023 11.5075 11.995 12.476 12.9415 13.38 13.782 14.14 14.4505 14.7105 14.9245 15.0955 15.2295 15.333 15.4115 15.4715 15.516 15.549 15.573 15.5915 15.605 15.614 15.622 15.6265 15.6305 15.6335 15.6355 15.637 15.638 15.639 15.6395 15.6395 15.6405 15.6405 15.6405 15.6405 15.641 15.6405 15.641 15.641 15.641 15.641 15.641 15.641 15.641 15.6405 15.641 15.641 15.641 
12.7 3.13 2.9975 3.043 3.0905 3.139 3.1905 3.243 3.298 3.355 3.414 3.476 3.5405 3.607 3.6775 3.75 3.8265 3.9065 3.9895 4.0765 4.1685 4.264 4.365 4.471 4.582 4.6995 4.8225 4.9535 5.091 5.236 5.3905 5.5535 5.7265 5.91 6.105 6.3125 6.533 6.768 7.0185 7.285 7.569 7.8715 8.1935 8.535 8.897 9.2795 9.6815 10.101 10.536 10.9815 11.4335 11.884 12.3255 12.749 13.146 13.509 13.832 14.113 14.351 14.548 14.7075 14.8345 14.935 15.012 15.072 15.117 15.152 15.178 15.1975 15.212 15.223 15.2315 15.2375 15.2425 15.2455 15.248 15.25 15.2515 15.2525 15.253 15.254 15.254 15.255 15.2545 15.255 15.2555 15.255 15.2555 15.2555 15.255 15.2555 15.2555 15.2555 15.2555 15.2555 15.2555 15.2555 15.256 15.2555 
12.8 3.1145 2.982 3.027 3.0735 3.1215 3.1715 3.2235 3.277 3.333 3.391 3.4515 3.514 3.58 3.648 3.719 3.7935 3.871 3.952 4.037 4.1255 4.2185 4.3165 4.4185 4.526 4.639 4.758 4.8835 5.0155 5.155 5.3025 5.458 5.623 5.797 5.9825 6.1785 6.3865 6.608 6.8425 7.0925 7.358 7.639 7.938 8.254 8.5885 8.941 9.3105 9.6965 10.097 10.508 10.927 11.347 11.7635 12.168 12.5535 12.9135 13.2415 13.535 13.79 14.0075 14.189 14.3385 14.459 14.555 14.631 14.69 14.736 14.772 14.799 14.82 14.836 14.8485 14.8575 14.8645 14.87 14.8735 14.8775 14.879 14.8815 14.8825 14.8835 14.8845 14.8845 14.8855 14.8855 14.886 14.8865 14.886 14.8865 14.8865 14.8865 14.8865 14.8865 14.887 14.8865 14.8865 14.887 14.8865 14.8865 14.887 
12.9 3.0985 2.9675 3.011 3.057 3.104 3.153 3.204 3.2565 3.3115 3.368 3.4275 3.489 3.5525 3.6195 3.689 3.761 3.837 3.9155 3.998 4.0845 4.1745 4.269 4.368 4.472 4.581 4.696 4.8165 4.9435 5.077 5.2185 5.367 5.5245 5.6905 5.866 6.0525 6.249 6.458 6.679 6.9135 7.1615 7.4245 7.7025 7.997 8.3065 8.632 8.974 9.3305 9.6995 10.0805 10.4685 10.86 11.251 11.6345 12.005 12.3565 12.684 12.9815 13.2475 13.48 13.6795 13.8475 13.9865 14.101 14.1935 14.267 14.3255 14.372 14.408 14.436 14.4585 14.4755 14.489 14.499 14.507 14.513 14.518 14.5215 14.524 14.5265 14.528 14.5295 14.5305 14.531 14.5315 14.5325 14.5325 14.5325 14.533 14.5335 14.533 14.5335 14.5335 14.5335 14.5335 14.5335 14.5335 14.5335 14.534 14.5335 
13 3.083 2.9525 2.9955 3.0405 3.087 3.135 3.185 3.2365 3.29 3.346 3.404 3.464 3.526 3.5915 3.6595 3.73 3.803 3.8805 3.9605 4.044 4.132 4.223 4.3195 4.42 4.525 4.636 4.752 4.874 5.003 5.138 5.2805 5.4305 5.589 5.7565 5.9335 6.1195 6.317 6.526 6.746 6.9795 7.2255 7.4855 7.7595 8.0475 8.3505 8.667 8.997 9.339 9.6915 10.052 10.4175 10.7835 11.1455 11.4995 11.839 12.16 12.4575 12.728 12.9705 13.183 13.366 13.5215 13.652 13.76 13.848 13.9195 13.977 14.0235 14.06 14.0885 14.112 14.13 14.144 14.1555 14.164 14.171 14.1765 14.1805 14.184 14.186 14.1885 14.19 14.191 14.1925 14.1925 14.1935 14.194 14.1945 14.1945 14.1945 14.195 14.195 14.1955 14.195 14.1955 14.195 14.1955 14.1955 14.1955 
13.1 3.068 2.938 2.9805 3.0245 3.07 3.117 3.1665 3.2165 3.2695 3.324 3.381 3.4395 3.5005 3.5645 3.63 3.6995 3.771 3.8455 3.924 4.005 4.0905 4.179 4.272 4.3695 4.471 4.5785 4.69 4.808 4.931 5.0615 5.1975 5.3415 5.493 5.652 5.8205 5.998 6.1845 6.3815 6.59 6.8095 7.0405 7.284 7.5405 7.809 8.091 8.3855 8.6925 9.01 9.3375 9.673 10.0135 10.3565 10.6975 11.034 11.3595 11.671 11.964 12.2355 12.482 12.703 12.898 13.0665 13.2105 13.333 13.4345 13.5185 13.588 13.644 13.69 13.7265 13.756 13.78 13.7985 13.814 13.8255 13.835 13.843 13.8485 13.8535 13.8575 13.86 13.8625 13.8645 13.866 13.867 13.868 13.869 13.8695 13.8695 13.8705 13.87 13.871 13.8705 13.871 13.8715 13.871 13.871 13.8715 13.8715 
13.2 3.053 2.9235 2.9655 3.0085 3.0535 3.0995 3.148 3.1975 3.2495 3.3025 3.358 3.4155 3.4755 3.5375 3.6025 3.669 3.7395 3.812 3.8885 3.967 4.05 4.1365 4.226 4.321 4.419 4.5225 4.6305 4.744 4.863 4.9875 5.1185 5.2565 5.401 5.5535 5.7135 5.882 6.06 6.2465 6.443 6.65 6.868 7.097 7.337 7.5885 7.852 8.127 8.4125 8.7085 9.0135 9.3265 9.6445 9.9655 10.287 10.605 10.916 11.216 11.502 11.7705 12.018 12.2435 12.4455 12.624 12.78 12.914 13.028 13.124 13.2045 13.271 13.3255 13.371 13.4075 13.4375 13.461 13.481 13.497 13.5095 13.5195 13.5275 13.5345 13.54 13.5435 13.5475 13.55 13.552 13.554 13.5555 13.5565 13.557 13.558 13.5585 13.5595 13.559 13.56 13.56 13.56 13.5605 13.56 13.5605 13.561 
13.3 3.038 2.9095 2.9505 2.993 3.037 3.083 3.1295 3.179 3.229 3.2815 3.336 3.392 3.451 3.5115 3.5745 3.6405 3.7085 3.7795 3.853 3.9305 4.011 4.0945 4.1825 4.273 4.369 4.469 4.573 4.6825 4.797 4.917 5.043 5.175 5.314 5.459 5.612 5.773 5.9415 6.119 6.305 6.501 6.7065 6.922 7.1475 7.3845 7.6305 7.888 8.155 8.431 8.7165 9.008 9.306 9.6075 9.9095 10.21 10.506 10.794 11.0705 11.333 11.579 11.8055 12.012 12.1975 12.3615 12.5055 12.63 12.737 12.828 12.904 12.9685 13.021 13.066 13.1015 13.132 13.1565 13.176 13.1925 13.206 13.217 13.2255 13.2325 13.2385 13.243 13.2465 13.25 13.2525 13.2545 13.256 13.2575 13.2585 13.2595 13.26 13.2605 13.261 13.2615 13.2615 13.262 13.262 13.2625 13.2625 
13.4 3.0235 2.8955 2.9355 2.978 3.021 3.066 3.112 3.16 3.2095 3.261 3.314 3.3695 3.4265 3.4865 3.5475 3.6115 3.6785 3.7475 3.82 3.8945 3.973 4.054 4.1395 4.2275 4.3205 4.4165 4.518 4.6235 4.7335 4.8495 4.9705 5.0975 5.23 5.3695 5.5155 5.669 5.8295 5.9985 6.175 6.361 6.555 6.758 6.9715 7.1935 7.425 7.6665 7.917 8.1755 8.442 8.716 8.9945 9.2775 9.562 9.8455 10.127 10.402 10.669 10.9235 11.165 11.3905 11.5985 11.788 11.958 12.1095 12.243 12.3585 12.459 12.5445 12.617 12.679 12.73 12.7735 12.8095 12.839 12.8635 12.884 12.901 12.9145 12.926 12.935 12.943 12.949 12.954 12.9585 12.962 12.9645 12.967 12.9685 12.9705 12.9715 12.9725 12.973 12.9745 12.9745 12.975 12.9755 12.9755 12.976 12.976 
13.5 3.0095 2.8815 2.9215 2.963 3.005 3.0495 3.0945 3.142 3.19 3.241 3.293 3.347 3.4025 3.4615 3.521 3.584 3.649 3.717 3.7865 3.86 3.936 4.015 4.0975 4.1835 4.273 4.3665 4.4645 4.5665 4.673 4.784 4.901 5.023 5.15 5.284 5.4235 5.5705 5.7235 5.884 6.0525 6.2285 6.4125 6.605 6.806 7.0155 7.234 7.4605 7.696 7.9385 8.189 8.4455 8.7075 8.9735 9.241 9.5095 9.776 10.0385 10.2945 10.5405 10.7765 10.9985 11.2055 11.3965 11.571 11.7275 11.8675 11.991 12.099 12.193 12.2735 12.343 12.4015 12.452 12.4935 12.529 12.558 12.5835 12.6035 12.6205 12.635 12.6465 12.6565 12.6645 12.671 12.677 12.681 12.685 12.688 12.6905 12.693 12.6945 12.6955 12.6975 12.698 12.6985 12.7 12.7 12.7005 12.7005 12.7015 
13.6 2.995 2.8685 2.9075 2.9475 2.99 3.033 3.0775 3.1235 3.1715 3.221 3.272 3.325 3.38 3.4365 3.4955 3.557 3.6205 3.686 3.755 3.826 3.8995 3.977 4.0575 4.1405 4.2275 4.318 4.413 4.511 4.6145 4.722 4.834 4.951 5.074 5.202 5.336 5.4765 5.6225 5.776 5.936 6.1035 6.2785 6.461 6.651 6.849 7.055 7.269 7.49 7.719 7.954 8.1955 8.4415 8.692 8.9445 9.1985 9.4505 9.701 9.9455 10.1835 10.4115 10.629 10.834 11.0245 11.2 11.3605 11.5055 11.6345 11.7495 11.8505 11.9385 12.0145 12.0805 12.1365 12.185 12.2255 12.26 12.2895 12.314 12.3345 12.3515 12.3665 12.3785 12.3885 12.397 12.404 12.41 12.415 12.4185 12.4225 12.425 12.4275 12.4295 12.431 12.4325 12.4335 12.434 12.4355 12.4355 12.4365 12.437 
13.7 2.981 2.855 2.8935 2.9335 2.9745 3.0165 3.061 3.106 3.153 3.2015 3.2515 3.3035 3.357 3.413 3.4705 3.53 3.5925 3.6565 3.7235 3.793 3.865 3.94 4.0175 4.099 4.1835 4.2715 4.3625 4.4585 4.5575 4.6615 4.77 4.8825 5.001 5.1235 5.2525 5.3865 5.527 5.673 5.826 5.9855 6.1515 6.325 6.505 6.693 6.8875 7.0895 7.2985 7.514 7.7355 7.963 8.195 8.431 8.67 8.9095 9.149 9.387 9.6205 9.8495 10.07 10.2815 10.4825 10.6715 10.8475 11.009 11.1575 11.291 11.411 11.5175 11.612 11.6945 11.7665 11.8295 11.8825 11.9295 11.9685 12.0025 12.0315 12.0555 12.076 12.0935 12.1085 12.121 12.131 12.14 12.147 12.1535 12.159 12.163 12.1665 12.17 12.1725 12.1745 12.1765 12.1775 12.1795 12.18 12.181 12.182 12.1825 
13.8 2.9675 2.8415 2.88 2.919 2.959 3.0015 3.044 3.0885 3.135 3.182 3.2315 3.2825 3.335 3.3895 3.446 3.504 3.565 3.628 3.693 3.7605 3.831 3.904 3.9795 4.0585 4.141 4.2255 4.3145 4.407 4.5035 4.603 4.708 4.817 4.9305 5.0485 5.1725 5.301 5.4355 5.575 5.7215 5.8735 6.0315 6.1965 6.368 6.546 6.7305 6.9215 7.119 7.3225 7.532 7.7465 7.966 8.1885 8.414 8.641 8.8685 9.095 9.318 9.537 9.7495 9.9555 10.1515 10.337 10.512 10.674 10.824 10.96 11.0845 11.196 11.295 11.3835 11.461 11.529 11.588 11.64 11.684 11.7225 11.7555 11.7835 11.8075 11.828 11.8455 11.8605 11.873 11.884 11.8925 11.9005 11.907 11.9125 11.917 11.921 11.924 11.9275 11.929 11.9315 11.933 11.9345 11.936 11.9365 11.9375 
13.9 2.954 2.8285 2.8665 2.9045 2.9445 2.9855 3.028 3.072 3.1165 3.1635 3.212 3.2615 3.313 3.3665 3.422 3.479 3.5385 3.5995 3.663 3.7295 3.798 3.8685 3.943 4.019 4.099 4.182 4.2675 4.3575 4.4505 4.5475 4.6485 4.7535 4.8625 4.977 5.0955 5.2195 5.348 5.482 5.622 5.767 5.918 6.075 6.238 6.4075 6.5825 6.764 6.9505 7.144 7.3415 7.5445 7.7515 7.9625 8.176 8.3915 8.607 8.822 9.0355 9.245 9.45 9.6485 9.8395 10.0215 10.194 10.355 10.505 10.6435 10.77 10.885 10.9885 11.0815 11.164 11.237 11.301 11.3575 11.4065 11.4495 11.486 11.5185 11.5455 11.5695 11.59 11.607 11.6225 11.635 11.6455 11.655 11.663 11.6695 11.6755 11.6805 11.6845 11.688 11.691 11.6935 11.6955 11.6975 11.6995 11.7005 11.7015 
14 2.9405 2.816 2.853 2.8905 2.93 2.9705 3.012 3.0545 3.0995 3.145 3.1925 3.2415 3.2915 3.344 3.3985 3.454 3.512 3.5725 3.634 3.699 3.7655 3.8345 3.9065 3.9815 4.0585 4.139 4.2225 4.3095 4.3995 4.4935 4.591 4.6925 4.798 4.9075 5.0225 5.141 5.2645 5.393 5.527 5.666 5.81 5.96 6.1155 6.2765 6.443 6.615 6.793 6.9755 7.1635 7.355 7.552 7.7515 7.9535 8.158 8.363 8.568 8.771 8.972 9.169 9.3605 9.5455 9.723 9.8925 10.0515 10.2015 10.3405 10.4685 10.5855 10.693 10.789 10.876 10.953 11.022 11.0825 11.136 11.183 11.224 11.2595 11.2905 11.3175 11.341 11.3605 11.3785 11.393 11.4055 11.417 11.4265 11.4345 11.441 11.4475 11.4525 11.457 11.4605 11.4635 11.4665 11.469 11.471 11.4725 11.4735 
14.1 2.9275 2.8035 2.8395 2.877 2.9155 2.9555 2.996 3.0385 3.082 3.127 3.1735 3.221 3.271 3.3225 3.375 3.43 3.4865 3.545 3.606 3.669 3.734 3.8015 3.8715 3.944 4.0195 4.0975 4.1785 4.263 4.3505 4.441 4.536 4.6335 4.7355 4.8415 4.9515 5.066 5.185 5.308 5.4365 5.5695 5.7075 5.851 5.999 6.1525 6.3115 6.475 6.644 6.8175 6.9955 7.178 7.3645 7.5535 7.746 7.9395 8.135 8.33 8.524 8.716 8.905 9.0895 9.269 9.4415 9.607 9.764 9.912 10.051 10.1795 10.2985 10.408 10.507 10.597 10.678 10.7505 10.8155 10.8725 10.924 10.968 11.0075 11.042 11.072 11.098 11.121 11.141 11.1575 11.173 11.1855 11.1965 11.206 11.2145 11.222 11.2275 11.233 11.238 11.2415 11.2445 11.248 11.2505 11.252 11.2545 
14.2 2.9145 2.791 2.8265 2.8635 2.9015 2.9405 2.9805 3.0225 3.065 3.109 3.155 3.2015 3.2505 3.3005 3.3525 3.4065 3.4615 3.519 3.578 3.64 3.703 3.769 3.8375 3.908 3.9815 4.0575 4.136 4.218 4.3025 4.391 4.482 4.577 4.6755 4.7775 4.884 4.994 5.108 5.227 5.35 5.4775 5.61 5.747 5.8885 6.0355 6.1865 6.3425 6.5035 6.6685 6.838 7.0115 7.188 7.3685 7.551 7.735 7.921 8.107 8.292 8.476 8.6575 8.835 9.0085 9.1755 9.337 9.4915 9.637 9.7745 9.9035 10.0235 10.1335 10.235 10.328 10.412 10.4875 10.556 10.6165 10.6715 10.7195 10.762 10.7995 10.833 10.8615 10.8875 10.9095 10.929 10.946 10.961 10.9735 10.9845 10.9945 11.0025 11.01 11.0165 11.0215 11.0265 11.0305 11.034 11.037 11.04 11.042 
14.3 2.9015 2.779 2.814 2.85 2.8875 2.926 2.9655 3.006 3.0485 3.0915 3.1365 3.1825 3.2305 3.2795 3.3305 3.3825 3.4375 3.493 3.5515 3.611 3.6735 3.7375 3.804 3.873 3.9445 4.018 4.095 4.1745 4.2565 4.342 4.4305 4.522 4.6175 4.716 4.819 4.9245 5.035 5.149 5.2675 5.39 5.5165 5.648 5.7835 5.924 6.0685 6.217 6.3705 6.528 6.6895 6.854 7.023 7.194 7.3675 7.5435 7.72 7.8975 8.0745 8.2505 8.4245 8.5955 8.7625 8.925 9.0815 9.2325 9.376 9.5115 9.64 9.7595 9.871 9.9735 10.068 10.155 10.233 10.3045 10.3685 10.426 10.4775 10.523 10.564 10.6 10.6315 10.66 10.6845 10.7065 10.7255 10.742 10.7565 10.7695 10.7805 10.79 10.799 10.806 10.8125 10.818 10.823 10.827 10.831 10.834 10.837 
14.4 2.889 2.7665 2.8015 2.837 2.874 2.9115 2.9505 2.9905 3.032 3.0745 3.1185 3.1635 3.2105 3.259 3.3085 3.36 3.4135 3.468 3.5245 3.5835 3.6445 3.7065 3.772 3.8385 3.9085 3.9805 4.0545 4.132 4.212 4.2945 4.3805 4.4695 4.5615 4.657 4.756 4.8585 4.9645 5.074 5.1885 5.306 5.4275 5.5535 5.684 5.8175 5.956 6.0985 6.245 6.3945 6.549 6.706 6.8665 7.03 7.195 7.363 7.531 7.701 7.87 8.0385 8.205 8.3695 8.531 8.688 8.8405 8.987 9.1275 9.2615 9.388 9.5075 9.619 9.7225 9.8185 9.9065 9.9875 10.061 10.1275 10.188 10.2425 10.291 10.3345 10.373 10.408 10.4385 10.4655 10.4895 10.511 10.5295 10.5455 10.56 10.573 10.584 10.5935 10.602 10.6095 10.616 10.622 10.6265 10.6315 10.6345 10.6385 
14.5 2.876 2.755 2.789 2.824 2.86 2.8975 2.9355 2.9755 3.0155 3.0575 3.101 3.1455 3.191 3.2385 3.2875 3.3375 3.39 3.4435 3.499 3.556 3.616 3.6765 3.74 3.806 3.873 3.9435 4.016 4.0905 4.1685 4.249 4.3325 4.418 4.5075 4.6 4.6955 4.7945 4.8965 5.003 5.1125 5.2255 5.3425 5.4635 5.5885 5.7165 5.8495 5.9855 6.125 6.269 6.416 6.566 6.719 6.8745 7.033 7.1925 7.3535 7.5155 7.677 7.8385 7.999 8.1565 8.312 8.464 8.612 8.7545 8.892 9.0235 9.1485 9.2665 9.3775 9.4815 9.578 9.668 9.75 9.8255 9.895 9.957 10.0145 10.065 10.112 10.1525 10.19 10.223 10.2525 10.279 10.3015 10.3225 10.3405 10.3565 10.371 10.3835 10.3945 10.404 10.4125 10.42 10.427 10.4325 10.4375 10.442 10.446 
14.6 2.864 2.743 2.7765 2.8115 2.847 2.883 2.9215 2.96 3 3.041 3.0835 3.127 3.172 3.2185 3.2665 3.316 3.367 3.4195 3.4735 3.53 3.5875 3.6475 3.7095 3.773 3.839 3.9075 3.978 4.051 4.1265 4.2045 4.2855 4.369 4.4555 4.5445 4.637 4.733 4.8315 4.934 5.0395 5.149 5.261 5.3775 5.497 5.6205 5.7475 5.878 6.012 6.1495 6.2895 6.4335 6.5795 6.728 6.8795 7.0315 7.186 7.3405 7.4955 7.65 7.804 7.9555 8.1055 8.252 8.3955 8.534 8.6685 8.7965 8.92 9.0365 9.147 9.2505 9.3475 9.4375 9.5215 9.5985 9.6695 9.734 9.793 9.8465 9.895 9.939 9.978 10.0135 10.045 10.0735 10.0985 10.121 10.141 10.1585 10.1745 10.1885 10.201 10.2115 10.2215 10.2295 10.2375 10.244 10.25 10.255 10.2595 
14.7 2.852 2.7315 2.7645 2.7985 2.834 2.8695 2.907 2.945 2.984 3.025 3.0665 3.109 3.1535 3.199 3.246 3.2945 3.3445 3.396 3.449 3.504 3.5605 3.6185 3.6795 3.7415 3.806 3.8725 3.941 4.0125 4.0855 4.1615 4.24 4.321 4.405 4.4915 4.581 4.6735 4.769 4.8675 4.97 5.0745 5.183 5.295 5.4105 5.5285 5.6505 5.7755 5.904 6.0355 6.17 6.3075 6.4475 6.5895 6.734 6.8795 7.0275 7.175 7.324 7.472 7.6195 7.766 7.91 8.0515 8.19 8.3255 8.4555 8.5815 8.702 8.817 8.926 9.0295 9.126 9.217 9.301 9.3795 9.4515 9.518 9.579 9.634 9.685 9.731 9.772 9.81 9.843 9.874 9.9005 9.925 9.947 9.966 9.9835 9.999 10.0125 10.025 10.0355 10.045 10.0535 10.061 10.068 10.0735 10.079 
14.8 2.84 2.72 2.7525 2.7865 2.8205 2.8565 2.8925 2.9305 2.969 3.0085 3.05 3.0915 3.1355 3.1795 3.226 3.2735 3.3225 3.3725 3.425 3.4785 3.534 3.591 3.65 3.7105 3.7735 3.8385 3.9055 3.9745 4.046 4.12 4.196 4.2745 4.356 4.44 4.527 4.616 4.7085 4.804 4.9025 5.004 5.108 5.216 5.327 5.4405 5.558 5.678 5.801 5.9275 6.056 6.188 6.3215 6.458 6.5965 6.736 6.877 7.019 7.1615 7.3035 7.4455 7.586 7.7245 7.862 7.996 8.1265 8.2535 8.3765 8.4945 8.6075 8.715 8.8175 8.914 9.0045 9.0895 9.168 9.2415 9.3095 9.3715 9.429 9.481 9.529 9.572 9.612 9.647 9.6795 9.7085 9.7345 9.758 9.7785 9.798 9.8145 9.8295 9.843 9.8545 9.8655 9.875 9.8835 9.891 9.8975 9.904 
14.9 2.828 2.709 2.741 2.774 2.808 2.843 2.879 2.9155 2.954 2.993 3.033 3.0745 3.117 3.1615 3.206 3.253 3.3005 3.3505 3.401 3.4535 3.508 3.564 3.621 3.681 3.742 3.805 3.871 3.9375 4.0075 4.0795 4.1535 4.2295 4.309 4.39 4.4745 4.561 4.65 4.7425 4.838 4.9355 5.0365 5.14 5.247 5.3565 5.469 5.585 5.703 5.824 5.948 6.074 6.2025 6.333 6.4655 6.5995 6.735 6.871 7.0075 7.144 7.28 7.4155 7.55 7.6815 7.8115 7.938 8.0615 8.181 8.297 8.4075 8.514 8.6145 8.7105 8.8005 8.8855 8.965 9.039 9.1075 9.1715 9.23 9.2835 9.333 9.3785 9.4195 9.4565 9.4905 9.5215 9.549 9.574 9.597 9.6165 9.6355 9.6515 9.666 9.679 9.691 9.7015 9.711 9.719 9.7265 9.7335 
15 2.816 2.698 2.729 2.762 2.7955 2.83 2.865 2.9015 2.939 2.9775 3.017 3.0575 3.0995 3.1425 3.187 3.2325 3.28 3.328 3.378 3.4295 3.4825 3.537 3.593 3.6515 3.7115 3.773 3.8365 3.9025 3.97 4.04 4.1115 4.1865 4.263 4.342 4.4235 4.5075 4.594 4.6835 4.775 4.87 4.9675 5.067 5.1705 5.276 5.3845 5.4955 5.609 5.726 5.8445 5.9655 6.089 6.2145 6.3415 6.4695 6.6 6.73 6.8615 6.993 7.1235 7.254 7.3835 7.5105 7.636 7.759 7.879 7.9955 8.108 8.217 8.321 8.421 8.515 8.6055 8.6895 8.7695 8.8435 8.913 8.978 9.0375 9.0925 9.1435 9.1895 9.233 9.2715 9.307 9.3395 9.369 9.395 9.4195 9.441 9.4605 9.4785 9.494 9.5085 9.521 9.533 9.543 9.552 9.5605 9.568 
15.1 2.805 2.6865 2.718 2.75 2.783 2.817 2.8515 2.8875 2.9245 2.962 3.001 3.041 3.082 3.1245 3.168 3.213 3.259 3.306 3.3555 3.4055 3.4575 3.511 3.566 3.623 3.681 3.7415 3.804 3.8675 3.9335 4.0015 4.072 4.144 4.2185 4.2955 4.3745 4.4555 4.54 4.626 4.7155 4.8065 4.901 4.997 5.097 5.1985 5.303 5.4105 5.5195 5.6315 5.746 5.862 5.981 6.101 6.2235 6.3465 6.471 6.597 6.723 6.849 6.975 7.1005 7.225 7.3485 7.4695 7.5885 7.705 7.8185 7.9285 8.0345 8.137 8.235 8.3285 8.4175 8.502 8.581 8.6555 8.7255 8.7905 8.8515 8.9075 8.96 9.0075 9.0515 9.092 9.129 9.1625 9.1935 9.2215 9.2465 9.27 9.291 9.3095 9.327 9.342 9.356 9.3685 9.38 9.39 9.399 9.4075 
15.2 2.7935 2.676 2.7065 2.7385 2.7705 2.8045 2.8385 2.8735 2.91 2.947 2.9855 3.0245 3.065 3.1065 3.1495 3.1935 3.2385 3.285 3.333 3.3825 3.433 3.4855 3.5395 3.595 3.652 3.7105 3.7715 3.834 3.898 3.9645 4.0325 4.103 4.1755 4.25 4.327 4.406 4.4875 4.571 4.657 4.7455 4.837 4.93 5.026 5.1245 5.225 5.3285 5.4335 5.5415 5.6515 5.764 5.8775 5.993 6.1105 6.2295 6.349 6.4695 6.591 6.7125 6.834 6.9545 7.075 7.1935 7.311 7.4265 7.5395 7.65 7.757 7.8605 7.961 8.0575 8.1495 8.237 8.321 8.4 8.4745 8.545 8.61 8.672 8.7285 8.7815 8.831 8.8755 8.918 8.9555 8.991 9.023 9.0525 9.079 9.1035 9.126 9.1455 9.164 9.1805 9.1955 9.2085 9.2215 9.232 9.242 9.251 
15.3 2.782 2.6655 2.695 2.727 2.7585 2.792 2.825 2.86 2.896 2.9325 2.9695 3.0085 3.0485 3.089 3.131 3.1745 3.2185 3.2645 3.311 3.36 3.409 3.4605 3.5135 3.5675 3.6235 3.6805 3.74 3.801 3.8635 3.9285 3.9945 4.0635 4.1335 4.206 4.281 4.3575 4.4365 4.518 4.601 4.687 4.775 4.865 4.958 5.053 5.1505 5.2495 5.3515 5.4555 5.5615 5.669 5.779 5.89 6.003 6.1175 6.2325 6.3485 6.4655 6.5825 6.699 6.816 6.932 7.0465 7.1605 7.272 7.3815 7.4885 7.5935 7.6945 7.7925 7.8875 7.978 8.0645 8.1475 8.226 8.3 8.3705 8.436 8.498 8.556 8.6095 8.659 8.706 8.7485 8.7875 8.8245 8.8575 8.888 8.916 8.9415 8.965 8.986 9.0055 9.023 9.039 9.0535 9.067 9.0785 9.089 9.099 
15.4 2.7715 2.6545 2.6845 2.715 2.747 2.779 2.8125 2.847 2.8815 2.918 2.9545 2.993 3.0315 3.072 3.113 3.1555 3.199 3.244 3.29 3.3375 3.386 3.436 3.488 3.5405 3.5955 3.6515 3.7095 3.769 3.83 3.893 3.9575 4.0245 4.093 4.164 4.236 4.3105 4.3875 4.466 4.547 4.6305 4.715 4.803 4.8925 4.9845 5.078 5.1745 5.2725 5.3725 5.475 5.579 5.6845 5.7915 5.9005 6.0105 6.1215 6.233 6.346 6.458 6.5715 6.6835 6.7955 6.9065 7.0165 7.1245 7.231 7.3355 7.4365 7.536 7.6315 7.7245 7.8135 7.899 7.981 8.0585 8.1325 8.2025 8.268 8.3305 8.3885 8.443 8.4935 8.5405 8.5845 8.625 8.662 8.6965 8.7285 8.7575 8.784 8.8085 8.831 8.8515 8.87 8.8865 8.9025 8.9165 8.929 8.9405 8.9515 
15.5 2.7605 2.644 2.674 2.704 2.735 2.767 2.7995 2.8335 2.868 2.9035 2.94 2.977 3.0155 3.055 3.0955 3.137 3.18 3.224 3.269 3.3155 3.363 3.4125 3.463 3.5145 3.568 3.623 3.6795 3.7375 3.7975 3.8585 3.922 3.987 4.0535 4.122 4.193 4.2655 4.3395 4.4165 4.4945 4.5755 4.658 4.7425 4.829 4.9185 5.009 5.102 5.1965 5.2935 5.392 5.492 5.594 5.698 5.802 5.9085 6.015 6.123 6.2315 6.34 6.449 6.5575 6.6655 6.773 6.879 6.984 7.0875 7.1885 7.2875 7.3835 7.478 7.5685 7.6555 7.74 7.821 7.8975 7.971 8.041 8.106 8.169 8.2265 8.282 8.333 8.381 8.425 8.467 8.505 8.5405 8.573 8.6035 8.631 8.6565 8.6795 8.7015 8.721 8.7385 8.7555 8.77 8.7835 8.796 8.807 
15.6 2.7495 2.634 2.6625 2.693 2.7235 2.755 2.7875 2.8205 2.854 2.8895 2.925 2.962 2.9995 3.0385 3.078 3.119 3.1615 3.204 3.2485 3.294 3.341 3.389 3.438 3.4895 3.5415 3.595 3.6505 3.707 3.765 3.8255 3.887 3.95 4.0155 4.082 4.1505 4.2215 4.2935 4.368 4.444 4.5225 4.6025 4.684 4.7685 4.8545 4.9425 5.032 5.124 5.217 5.3125 5.409 5.5075 5.6075 5.7085 5.8105 5.9135 6.018 6.122 6.227 6.332 6.437 6.5415 6.6455 6.748 6.85 6.9495 7.0485 7.1445 7.239 7.33 7.419 7.5045 7.5875 7.667 7.743 7.816 7.8845 7.9505 8.0125 8.0705 8.126 8.178 8.226 8.271 8.3135 8.3525 8.3885 8.4225 8.4535 8.482 8.509 8.533 8.555 8.576 8.5945 8.612 8.6275 8.642 8.655 8.6675 
15.7 2.739 2.6235 2.6525 2.682 2.712 2.743 2.775 2.8075 2.8415 2.875 2.911 2.9465 2.984 3.022 3.0615 3.101 3.1425 3.185 3.2285 3.273 3.319 3.366 3.4145 3.464 3.5155 3.568 3.622 3.677 3.7345 3.7925 3.853 3.9145 3.978 4.043 4.11 4.1785 4.249 4.321 4.395 4.471 4.5485 4.6285 4.7095 4.793 4.878 4.965 5.054 5.1435 5.236 5.3295 5.4245 5.521 5.618 5.717 5.8165 5.917 6.018 6.119 6.2205 6.3215 6.423 6.5235 6.6225 6.7215 6.819 6.914 7.008 7.0995 7.189 7.2755 7.36 7.441 7.519 7.5945 7.666 7.7345 7.8 7.8615 7.9205 7.9755 8.027 8.0765 8.122 8.1645 8.2045 8.2415 8.276 8.3075 8.3375 8.365 8.39 8.413 8.4345 8.4545 8.4725 8.489 8.504 8.518 8.531 
15.8 2.7285 2.6135 2.642 2.671 2.7005 2.7315 2.763 2.795 2.8275 2.862 2.8965 2.932 2.9685 3.006 3.0445 3.0835 3.1245 3.166 3.2085 3.2525 3.2975 3.344 3.391 3.4395 3.49 3.5415 3.594 3.648 3.704 3.761 3.8195 3.88 3.9415 4.0055 4.07 4.137 4.2055 4.2755 4.3475 4.4215 4.497 4.5735 4.653 4.734 4.816 4.9 4.9865 5.073 5.1625 5.253 5.3445 5.438 5.5315 5.6275 5.7235 5.8205 5.9175 6.0155 6.114 6.2115 6.3095 6.4065 6.5035 6.5985 6.693 6.7855 6.8775 6.966 7.0535 7.1385 7.2205 7.3005 7.377 7.4515 7.522 7.59 7.655 7.716 7.775 7.8295 7.8825 7.931 7.977 8.0205 8.061 8.0985 8.134 8.166 8.197 8.225 8.251 8.275 8.297 8.3175 8.337 8.3535 8.37 8.3845 8.398 
15.9 2.718 2.604 2.6315 2.66 2.69 2.72 2.7505 2.7825 2.815 2.8485 2.8825 2.917 2.9535 2.99 3.028 3.067 3.1065 3.1475 3.189 3.2325 3.2765 3.3215 3.368 3.416 3.465 3.5155 3.5665 3.62 3.674 3.73 3.7875 3.846 3.9065 3.968 4.032 4.0965 4.1635 4.2315 4.3015 4.3735 4.446 4.5215 4.5985 4.676 4.7565 4.838 4.9205 5.006 5.0915 5.179 5.268 5.358 5.449 5.541 5.634 5.728 5.822 5.9165 6.0115 6.106 6.201 6.295 6.3885 6.481 6.5725 6.663 6.7515 6.8385 6.924 7.0065 7.087 7.1655 7.2405 7.3135 7.384 7.4505 7.515 7.5755 7.6345 7.689 7.7415 7.7905 7.8375 7.8805 7.9215 7.96 7.9955 8.029 8.06 8.089 8.116 8.1405 8.1635 8.1845 8.2045 8.2225 8.239 8.2545 8.269 
16 2.7075 2.594 2.6215 2.6495 2.679 2.7085 2.739 2.77 2.8025 2.835 2.8685 2.903 2.9385 2.9745 3.012 3.05 3.089 3.129 3.17 3.2125 3.256 3.3 3.346 3.3925 3.4405 3.4895 3.5405 3.592 3.6455 3.6995 3.756 3.813 3.872 3.9325 3.994 4.0575 4.1225 4.189 4.2565 4.327 4.3975 4.4705 4.545 4.621 4.6985 4.778 4.858 4.94 5.0235 5.108 5.194 5.2815 5.3695 5.458 5.5485 5.639 5.73 5.822 5.913 6.0055 6.0965 6.188 6.2785 6.3685 6.457 6.5455 6.631 6.7165 6.799 6.88 6.9585 7.0355 7.1095 7.1815 7.25 7.3165 7.38 7.4405 7.4985 7.553 7.6055 7.655 7.7015 7.745 7.7865 7.8255 7.8615 7.8955 7.927 7.957 7.984 8.0095 8.0335 8.0555 8.0755 8.0945 8.112 8.1275 8.143 
16.1 2.698 2.584 2.6115 2.639 2.668 2.6975 2.727 2.7585 2.7895 2.822 2.855 2.8885 2.924 2.9595 2.9955 3.0335 3.072 3.111 3.152 3.193 3.2355 3.279 3.3235 3.37 3.4165 3.465 3.514 3.565 3.617 3.6705 3.725 3.781 3.8385 3.8975 3.9575 4.0195 4.0825 4.1475 4.2135 4.2815 4.3505 4.4215 4.4935 4.5675 4.6425 4.7195 4.7975 4.877 4.9575 5.04 5.123 5.2075 5.2925 5.379 5.466 5.5535 5.642 5.7305 5.819 5.9085 5.9965 6.0855 6.173 6.2605 6.347 6.432 6.516 6.5985 6.6795 6.7585 6.8355 6.9105 6.9835 7.0535 7.122 7.187 7.2495 7.31 7.3675 7.422 7.4735 7.5235 7.57 7.614 7.6555 7.695 7.731 7.766 7.798 7.8285 7.856 7.8825 7.9065 7.9295 7.95 7.97 7.988 8.004 8.02 
16.2 2.6875 2.5745 2.6015 2.629 2.6575 2.686 2.716 2.746 2.777 2.8095 2.8415 2.875 2.909 2.9445 2.9805 3.017 3.055 3.0935 3.133 3.174 3.216 3.2585 3.302 3.347 3.3935 3.4405 3.489 3.5385 3.5895 3.6415 3.695 3.7495 3.806 3.863 3.9225 3.982 4.044 4.107 4.1715 4.2375 4.305 4.3735 4.444 4.5155 4.5885 4.6635 4.739 4.816 4.894 4.974 5.0545 5.1365 5.2185 5.3025 5.387 5.4715 5.557 5.643 5.729 5.815 5.901 5.987 6.072 6.1565 6.241 6.3235 6.405 6.4855 6.5645 6.642 6.717 6.7905 6.862 6.931 6.998 7.062 7.1245 7.1835 7.241 7.295 7.3465 7.396 7.4425 7.487 7.5285 7.568 7.605 7.64 7.673 7.703 7.732 7.7585 7.7835 7.8065 7.828 7.8485 7.867 7.8845 7.9 
16.3 2.678 2.565 2.592 2.6185 2.647 2.675 2.7045 2.7345 2.765 2.796 2.8285 2.8615 2.895 2.9295 2.965 3.001 3.0385 3.076 3.1155 3.155 3.1965 3.238 3.281 3.3255 3.3705 3.4165 3.464 3.5125 3.5625 3.6135 3.666 3.719 3.774 3.83 3.8875 3.946 4.0065 4.068 4.1305 4.195 4.2605 4.327 4.396 4.465 4.5365 4.609 4.682 4.7575 4.833 4.91 4.9885 5.068 5.1475 5.229 5.3105 5.393 5.4755 5.5585 5.642 5.726 5.8085 5.8925 5.975 6.057 6.1385 6.2195 6.299 6.377 6.454 6.5295 6.603 6.675 6.745 6.813 6.8785 6.942 7.003 7.062 7.1185 7.172 7.224 7.2725 7.3195 7.3635 7.4055 7.445 7.4825 7.518 7.5505 7.5815 7.611 7.638 7.6635 7.6875 7.7095 7.73 7.749 7.7675 7.7835 
16.4 2.668 2.556 2.582 2.6085 2.6365 2.6645 2.693 2.723 2.753 2.7835 2.8155 2.848 2.881 2.915 2.9495 2.9855 3.022 3.0595 3.0975 3.137 3.177 3.218 3.2605 3.304 3.348 3.393 3.44 3.487 3.536 3.586 3.6375 3.689 3.743 3.798 3.8535 3.911 3.97 4.0295 4.091 4.1535 4.217 4.2825 4.349 4.417 4.4855 4.5565 4.6275 4.7 4.774 4.849 4.9245 5.0015 5.0795 5.158 5.237 5.3165 5.3975 5.4775 5.5585 5.6395 5.7205 5.8015 5.8815 5.9615 6.0405 6.119 6.1965 6.273 6.348 6.4215 6.4935 6.5635 6.6325 6.699 6.7635 6.826 6.886 6.9445 7 7.0535 7.105 7.1535 7.2 7.244 7.286 7.326 7.3635 7.399 7.432 7.4635 7.4935 7.5205 7.547 7.571 7.594 7.615 7.6345 7.653 7.67 
16.5 2.6585 2.547 2.572 2.599 2.626 2.654 2.682 2.7115 2.741 2.7715 2.8025 2.8345 2.8675 2.9005 2.935 2.97 3.0055 3.043 3.08 3.119 3.1585 3.1985 3.24 3.2825 3.326 3.3705 3.416 3.4625 3.5105 3.559 3.609 3.6605 3.7125 3.766 3.821 3.877 3.934 3.9925 4.0525 4.113 4.1755 4.239 4.3035 4.37 4.4365 4.505 4.5745 4.645 4.717 4.7895 4.8635 4.9375 5.0135 5.089 5.1665 5.2435 5.3215 5.3995 5.4785 5.5565 5.6355 5.7135 5.792 5.8695 5.9465 6.0225 6.098 6.1725 6.246 6.3175 6.3875 6.457 6.5235 6.5895 6.6525 6.714 6.7735 6.8305 6.886 6.939 6.9895 7.038 7.084 7.1285 7.1705 7.21 7.248 7.2835 7.317 7.349 7.379 7.407 7.433 7.458 7.481 7.503 7.5225 7.542 7.5595 
16.6 2.649 2.5375 2.563 2.589 2.616 2.643 2.6715 2.7 2.7295 2.759 2.79 2.8215 2.854 2.8865 2.92 2.955 2.99 3.026 3.0635 3.101 3.14 3.1795 3.22 3.262 3.3045 3.348 3.3925 3.4385 3.485 3.533 3.582 3.6315 3.683 3.7355 3.789 3.8435 3.8995 3.956 4.015 4.074 4.135 4.1965 4.2595 4.324 4.389 4.4555 4.5235 4.5915 4.6615 4.7325 4.8035 4.876 4.9495 5.0235 5.098 5.173 5.2485 5.3245 5.401 5.477 5.553 5.6295 5.7055 5.7805 5.856 5.93 6.0035 6.0755 6.1475 6.2175 6.286 6.3535 6.419 6.4835 6.5455 6.606 6.6645 6.721 6.7755 6.828 6.878 6.926 6.9725 7.016 7.0585 7.0975 7.136 7.1715 7.2055 7.237 7.2675 7.296 7.323 7.3475 7.3715 7.3935 7.414 7.4335 7.4515 
16.7 2.6395 2.5285 2.5535 2.5795 2.606 2.6325 2.661 2.6885 2.718 2.747 2.778 2.8085 2.84 2.873 2.9055 2.94 2.9745 3.01 3.0465 3.0835 3.122 3.161 3.2005 3.2415 3.2835 3.326 3.37 3.4145 3.4605 3.507 3.555 3.604 3.6545 3.705 3.758 3.811 3.8655 3.921 3.978 4.0365 4.095 4.1555 4.217 4.2795 4.343 4.4075 4.4735 4.54 4.608 4.677 4.746 4.8165 4.888 4.9595 5.032 5.105 5.178 5.252 5.3265 5.4 5.4745 5.548 5.622 5.6955 5.7685 5.8405 5.912 5.983 6.0525 6.121 6.188 6.254 6.3185 6.381 6.4425 6.5015 6.559 6.615 6.669 6.72 6.7705 6.818 6.864 6.9075 6.949 6.989 7.027 7.0625 7.097 7.129 7.159 7.188 7.2155 7.2405 7.2645 7.287 7.308 7.328 7.3465 
16.8 2.6305 2.5195 2.5445 2.57 2.596 2.6225 2.65 2.6775 2.7065 2.7355 2.7655 2.796 2.827 2.859 2.8915 2.925 2.9595 2.994 3.03 3.0665 3.104 3.1425 3.1815 3.2215 3.263 3.3045 3.3475 3.3915 3.436 3.482 3.529 3.577 3.626 3.676 3.727 3.7795 3.8325 3.887 3.9425 3.999 4.057 4.1155 4.175 4.2365 4.298 4.3615 4.425 4.4905 4.556 4.623 4.6905 4.759 4.828 4.898 4.968 5.0395 5.1105 5.182 5.254 5.326 5.398 5.4705 5.5415 5.613 5.6845 5.7545 5.824 5.893 5.961 6.028 6.0935 6.158 6.221 6.283 6.3425 6.401 6.4575 6.5125 6.565 6.617 6.6655 6.7135 6.7585 6.802 6.8435 6.8835 6.921 6.957 6.9915 7.0235 7.054 7.083 7.1105 7.1365 7.1605 7.183 7.205 7.225 7.2435 
16.9 2.621 2.511 2.535 2.5605 2.5865 2.6125 2.6395 2.667 2.695 2.724 2.753 2.7835 2.814 2.8455 2.8775 2.9105 2.9445 2.9785 3.014 3.0495 3.0865 3.1245 3.1625 3.2025 3.242 3.2835 3.326 3.3685 3.4125 3.4575 3.5035 3.5505 3.5985 3.647 3.6975 3.7485 3.8005 3.8535 3.9075 3.963 4.0195 4.0765 4.135 4.1945 4.2545 4.3165 4.3785 4.4415 4.506 4.5705 4.637 4.703 4.7705 4.838 4.907 4.9755 5.045 5.1145 5.1845 5.255 5.3245 5.3945 5.4645 5.5335 5.603 5.6715 5.7395 5.8065 5.873 5.938 6.0025 6.0655 6.127 6.1875 6.246 6.3035 6.3595 6.413 6.4655 6.5165 6.5645 6.6115 6.657 6.7 6.741 6.781 6.8185 6.8545 6.8885 6.921 6.9515 6.981 7.0085 7.035 7.059 7.0825 7.104 7.1245 7.144 
17 2.612 2.502 2.526 2.5515 2.5765 2.6025 2.629 2.6565 2.684 2.712 2.7415 2.771 2.8015 2.832 2.864 2.8965 2.9295 2.963 2.998 3.033 3.0695 3.1065 3.1445 3.183 3.222 3.263 3.304 3.3465 3.3895 3.4335 3.4785 3.5245 3.5715 3.6195 3.668 3.718 3.7695 3.821 3.874 3.9275 3.983 4.039 4.0955 4.1535 4.2125 4.2725 4.333 4.3945 4.4575 4.52 4.5845 4.649 4.715 4.7805 4.847 4.9145 4.9815 5.0495 5.1175 5.1855 5.2535 5.3215 5.39 5.457 5.5245 5.5915 5.6575 5.723 5.788 5.8515 5.9145 5.976 6.036 6.0955 6.1535 6.2095 6.264 6.3175 6.369 6.4185 6.467 6.513 6.558 6.601 6.642 6.681 6.719 6.7545 6.789 6.8215 6.852 6.8815 6.9095 6.936 6.96 6.984 7.006 7.027 7.0465 
17.1 2.6035 2.4935 2.517 2.542 2.567 2.593 2.6185 2.646 2.673 2.701 2.7295 2.759 2.7885 2.8195 2.85 2.8825 2.915 2.948 2.982 3.017 3.053 3.089 3.126 3.164 3.203 3.2425 3.283 3.3245 3.367 3.41 3.454 3.499 3.545 3.592 3.64 3.6885 3.7385 3.7895 3.841 3.8935 3.9475 4.002 4.0575 4.114 4.1715 4.2295 4.289 4.349 4.41 4.4715 4.5335 4.597 4.6605 4.725 4.7895 4.8545 4.9205 4.9865 5.0525 5.1185 5.185 5.2515 5.3175 5.3835 5.4485 5.5145 5.5785 5.6425 5.7055 5.768 5.829 5.8895 5.949 6.0065 6.063 6.1185 6.1725 6.2245 6.2755 6.3245 6.372 6.418 6.462 6.505 6.5455 6.5845 6.622 6.658 6.692 6.7245 6.7555 6.7845 6.813 6.8395 6.864 6.8885 6.91 6.9315 6.9515 
17.2 2.5945 2.485 2.5085 2.5325 2.558 2.5825 2.609 2.6355 2.662 2.69 2.718 2.747 2.776 2.8065 2.837 2.8685 2.9005 2.933 2.967 3.001 3.036 3.072 3.1085 3.1455 3.1835 3.223 3.2625 3.303 3.3445 3.387 3.43 3.4745 3.519 3.5655 3.612 3.66 3.7085 3.7585 3.8085 3.8605 3.913 3.966 4.02 4.0755 4.1315 4.1885 4.246 4.305 4.3635 4.424 4.485 4.546 4.608 4.6705 4.734 4.7975 4.861 4.925 4.99 5.054 5.119 5.183 5.248 5.312 5.3755 5.4395 5.5025 5.5645 5.626 5.6875 5.747 5.806 5.864 5.9205 5.9765 6.0305 6.083 6.135 6.185 6.233 6.28 6.3255 6.3695 6.4115 6.452 6.4905 6.528 6.564 6.5975 6.6305 6.6615 6.6905 6.719 6.7455 6.771 6.7945 6.817 6.839 6.8585 
17.3 2.5855 2.4765 2.5 2.5235 2.5485 2.5735 2.5985 2.625 2.6515 2.679 2.7065 2.735 2.764 2.794 2.8235 2.855 2.8865 2.9185 2.952 2.9855 3.0195 3.055 3.091 3.1275 3.165 3.203 3.242 3.2825 3.3225 3.3645 3.4065 3.45 3.4945 3.539 3.585 3.6315 3.6795 3.728 3.7775 3.828 3.879 3.931 3.984 4.038 4.093 4.148 4.2045 4.2615 4.3195 4.3775 4.437 4.497 4.5575 4.618 4.68 4.7415 4.8035 4.8665 4.929 4.9915 5.055 5.1175 5.18 5.243 5.305 5.3675 5.4285 5.489 5.5495 5.609 5.668 5.725 5.782 5.8375 5.8925 5.945 5.9975 6.048 6.097 6.1445 6.1915 6.236 6.279 6.321 6.361 6.3995 6.437 6.472 6.5065 6.5385 6.57 6.599 6.6275 6.654 6.6795 6.7035 6.7265 6.748 6.7685 
17.4 2.5765 2.4685 2.491 2.515 2.539 2.564 2.589 2.615 2.641 2.668 2.695 2.7235 2.752 2.781 2.811 2.8415 2.8725 2.9045 2.9365 2.97 3.004 3.0385 3.0735 3.1095 3.1465 3.184 3.2225 3.2615 3.3015 3.3425 3.3835 3.4265 3.4695 3.5135 3.5585 3.604 3.651 3.6985 3.747 3.796 3.846 3.897 3.949 4.0015 4.055 4.109 4.1635 4.22 4.276 4.333 4.391 4.449 4.508 4.5675 4.627 4.6875 4.7485 4.809 4.87 4.9315 4.9925 5.054 5.115 5.176 5.237 5.297 5.357 5.417 5.475 5.5335 5.591 5.647 5.703 5.757 5.8105 5.863 5.914 5.9635 6.012 6.0595 6.1045 6.149 6.192 6.233 6.273 6.311 6.348 6.3835 6.4175 6.4495 6.4805 6.51 6.5385 6.565 6.591 6.6145 6.638 6.6595 6.6805 
17.5 2.568 2.46 2.483 2.506 2.53 2.5545 2.5795 2.6045 2.6305 2.6575 2.684 2.712 2.74 2.769 2.798 2.8285 2.8585 2.8905 2.922 2.9545 2.9885 3.022 3.0565 3.0925 3.128 3.1655 3.203 3.241 3.2805 3.321 3.361 3.403 3.4455 3.4885 3.5325 3.5775 3.623 3.6695 3.717 3.765 3.814 3.864 3.9145 3.966 4.018 4.071 4.1245 4.1785 4.234 4.2895 4.346 4.403 4.46 4.518 4.5765 4.6355 4.694 4.7535 4.8135 4.8725 4.9325 4.9925 5.052 5.1115 5.1705 5.2295 5.288 5.3465 5.4035 5.4605 5.516 5.572 5.626 5.6795 5.7315 5.783 5.833 5.8825 5.9295 5.976 6.021 6.065 6.107 6.1475 6.1875 6.2255 6.2615 6.297 6.3305 6.363 6.394 6.4235 6.4515 6.4785 6.504 6.5285 6.5515 6.5735 6.5945 
17.6 2.56 2.452 2.474 2.4975 2.521 2.5455 2.5695 2.595 2.6205 2.6465 2.6735 2.7005 2.728 2.757 2.7855 2.815 2.8455 2.8765 2.9075 2.94 2.9725 3.006 3.04 3.075 3.1105 3.147 3.184 3.2215 3.26 3.299 3.3395 3.38 3.422 3.464 3.507 3.551 3.596 3.6415 3.688 3.7345 3.783 3.8315 3.881 3.931 3.982 4.034 4.086 4.1395 4.193 4.247 4.3025 4.3575 4.414 4.47 4.527 4.5845 4.642 4.7 4.758 4.816 4.874 4.933 4.9905 5.049 5.1065 5.1645 5.221 5.278 5.334 5.3895 5.4445 5.4985 5.552 5.604 5.655 5.706 5.755 5.8025 5.85 5.8955 5.94 5.983 6.0245 6.065 6.1045 6.1415 6.178 6.213 6.2465 6.2785 6.3095 6.339 6.367 6.394 6.42 6.444 6.4675 6.4895 6.5105 
17.7 2.5515 2.444 2.466 2.489 2.512 2.536 2.5605 2.585 2.61 2.6365 2.662 2.6895 2.717 2.7445 2.7735 2.802 2.8325 2.8625 2.8935 2.925 2.9575 2.99 3.024 3.058 3.093 3.129 3.165 3.202 3.24 3.2785 3.3175 3.358 3.3985 3.44 3.4825 3.5255 3.569 3.614 3.6595 3.705 3.7525 3.8 3.848 3.8975 3.947 3.9975 4.049 4.1005 4.153 4.2065 4.2595 4.314 4.369 4.4235 4.479 4.5355 4.591 4.648 4.704 4.761 4.818 4.875 4.9315 4.988 5.0445 5.101 5.1565 5.212 5.2665 5.3215 5.3745 5.4275 5.48 5.531 5.581 5.631 5.679 5.726 5.7725 5.8175 5.861 5.9035 5.945 5.9845 6.0235 6.0605 6.0965 6.1315 6.1645 6.1965 6.2275 6.2565 6.285 6.3115 6.3375 6.362 6.3855 6.4075 6.4285 
17.8 2.543 2.436 2.458 2.4805 2.503 2.527 2.551 2.5755 2.6005 2.6255 2.652 2.678 2.7055 2.733 2.761 2.79 2.819 2.849 2.8795 2.9105 2.9425 2.975 3.0075 3.0415 3.076 3.111 3.1465 3.183 3.2205 3.258 3.2965 3.3355 3.376 3.4165 3.4585 3.5 3.5435 3.587 3.631 3.6765 3.7225 3.769 3.8165 3.8645 3.913 3.9625 4.0125 4.063 4.114 4.1665 4.2185 4.2715 4.3245 4.3785 4.4325 4.4875 4.542 4.597 4.6525 4.7075 4.7635 4.8185 4.874 4.9295 4.9845 5.0395 5.0935 5.148 5.2015 5.255 5.307 5.359 5.41 5.46 5.5095 5.558 5.6055 5.652 5.6975 5.7415 5.7845 5.8265 5.867 5.907 5.9445 5.982 6.017 6.052 6.085 6.1165 6.1475 6.1765 6.2045 6.232 6.257 6.282 6.3055 6.3275 6.349 
17.9 2.535 2.428 2.4495 2.472 2.495 2.518 2.5415 2.566 2.5905 2.6155 2.6415 2.667 2.6945 2.721 2.749 2.7775 2.806 2.836 2.8655 2.8965 2.9275 2.96 2.992 3.025 3.059 3.0935 3.1285 3.1645 3.2005 3.238 3.276 3.3145 3.3535 3.3935 3.4345 3.4755 3.518 3.5605 3.604 3.6485 3.6935 3.7385 3.7855 3.832 3.88 3.928 3.977 4.0265 4.0765 4.1275 4.178 4.23 4.282 4.335 4.387 4.441 4.494 4.548 4.602 4.656 4.71 4.7645 4.8185 4.872 4.9265 4.9795 5.033 5.086 5.1385 5.19 5.2415 5.2925 5.3425 5.3915 5.44 5.4875 5.534 5.58 5.6245 5.6675 5.7105 5.7515 5.792 5.8305 5.869 5.905 5.94 5.9745 6.0075 6.039 6.0695 6.0985 6.1265 6.1535 6.1795 6.2035 6.2275 6.2495 6.271 
18 2.527 2.42 2.442 2.4635 2.486 2.5095 2.5325 2.5565 2.5805 2.6055 2.631 2.6565 2.683 2.71 2.737 2.765 2.7935 2.823 2.852 2.8825 2.913 2.9445 2.9765 3.0095 3.042 3.0765 3.111 3.1455 3.182 3.2185 3.2555 3.293 3.332 3.371 3.411 3.452 3.4925 3.535 3.5775 3.621 3.6645 3.7095 3.755 3.8005 3.8475 3.8945 3.9425 3.991 4.0395 4.0895 4.139 4.19 4.2405 4.292 4.3435 4.3955 4.4475 4.5005 4.553 4.6055 4.6585 4.7115 4.7645 4.817 4.8695 4.922 4.974 5.0255 5.077 5.128 5.178 5.228 5.2765 5.325 5.3725 5.419 5.465 5.51 5.5535 5.5965 5.638 5.679 5.7185 5.757 5.7945 5.8305 5.8655 5.899 5.932 5.9635 5.9935 6.0225 6.0505 6.0775 6.103 6.128 6.151 6.1735 6.195 
18.1 2.519 2.4125 2.4335 2.4555 2.478 2.5 2.5235 2.5475 2.571 2.5955 2.6205 2.6465 2.672 2.6985 2.7255 2.753 2.781 2.8095 2.839 2.8685 2.899 2.9295 2.9615 2.9935 3.026 3.0595 3.093 3.128 3.1635 3.199 3.2355 3.2725 3.3105 3.349 3.3885 3.428 3.4685 3.5095 3.5515 3.5935 3.637 3.681 3.725 3.77 3.816 3.862 3.9085 3.956 4.004 4.0525 4.101 4.1505 4.2 4.2505 4.3005 4.352 4.4025 4.4535 4.5055 4.557 4.6085 4.66 4.712 4.7635 4.8145 4.866 4.9165 4.9675 5.0175 5.0675 5.116 5.1655 5.213 5.26 5.307 5.353 5.3975 5.442 5.4845 5.527 5.5685 5.608 5.6475 5.6855 5.722 5.758 5.7925 5.8265 5.858 5.89 5.9195 5.9485 5.9765 6.0035 6.0285 6.0535 6.077 6.099 6.121 
18.2 2.511 2.405 2.4255 2.4475 2.4695 2.4915 2.515 2.5375 2.562 2.5855 2.6105 2.6355 2.6615 2.6875 2.7135 2.7415 2.7685 2.797 2.826 2.855 2.8845 2.9155 2.946 2.978 3.01 3.043 3.076 3.1105 3.1445 3.1805 3.2155 3.2525 3.29 3.327 3.366 3.405 3.4445 3.485 3.526 3.5675 3.61 3.6525 3.696 3.74 3.785 3.83 3.876 3.922 3.969 4.0165 4.064 4.112 4.161 4.21 4.259 4.3085 4.359 4.4085 4.459 4.5095 4.56 4.6105 4.6605 4.7115 4.7615 4.811 4.8615 4.9105 4.96 5.0085 5.0565 5.104 5.1515 5.1975 5.2435 5.288 5.3325 5.376 5.418 5.4595 5.5 5.5395 5.5785 5.6155 5.652 5.6875 5.7215 5.755 5.787 5.818 5.8475 5.8765 5.904 5.931 5.9565 5.981 6.0045 6.0265 6.0485 
18.3 2.5035 2.3975 2.418 2.4395 2.461 2.483 2.506 2.529 2.552 2.576 2.6005 2.6255 2.6505 2.6765 2.7025 2.7295 2.7565 2.7845 2.8125 2.8415 2.8715 2.901 2.9315 2.9625 2.994 3.0265 3.0595 3.093 3.1265 3.1615 3.197 3.2325 3.269 3.3065 3.344 3.382 3.421 3.461 3.501 3.542 3.583 3.625 3.668 3.711 3.7545 3.799 3.8435 3.889 3.935 3.981 4.028 4.075 4.1225 4.1705 4.219 4.267 4.316 4.365 4.414 4.463 4.5125 4.562 4.6115 4.6605 4.7095 4.7585 4.8075 4.8555 4.9035 4.9515 4.9985 5.045 5.0915 5.1365 5.1815 5.226 5.269 5.3115 5.353 5.394 5.434 5.473 5.511 5.5475 5.584 5.6185 5.653 5.6855 5.717 5.748 5.7775 5.8065 5.8335 5.8605 5.886 5.91 5.9335 5.9565 5.9775 
18.4 2.496 2.39 2.41 2.4315 2.453 2.4745 2.4975 2.5195 2.543 2.5665 2.591 2.615 2.64 2.6655 2.6915 2.7175 2.745 2.772 2.8 2.8285 2.857 2.887 2.917 2.9475 2.979 3.0105 3.043 3.0755 3.109 3.1435 3.178 3.213 3.249 3.2855 3.322 3.3605 3.398 3.437 3.477 3.5165 3.557 3.5985 3.64 3.6825 3.725 3.7685 3.8125 3.8565 3.9015 3.947 3.9925 4.039 4.085 4.1325 4.179 4.2265 4.2745 4.322 4.3705 4.4185 4.4665 4.515 4.563 4.611 4.6595 4.707 4.755 4.802 4.8495 4.8955 4.942 4.988 5.033 5.0775 5.1215 5.165 5.2075 5.249 5.29 5.3305 5.3695 5.408 5.4455 5.4815 5.5175 5.552 5.5855 5.618 5.6495 5.6795 5.7095 5.7375 5.7655 5.7915 5.8165 5.8415 5.8645 5.8875 5.9085 
18.5 2.488 2.383 2.4025 2.4235 2.445 2.4665 2.4885 2.511 2.5335 2.557 2.581 2.605 2.63 2.6545 2.6805 2.706 2.733 2.76 2.7875 2.8155 2.844 2.873 2.9025 2.933 2.9635 2.995 3.0265 3.0585 3.092 3.1255 3.159 3.194 3.2295 3.265 3.3015 3.338 3.376 3.414 3.4525 3.492 3.5315 3.572 3.613 3.6545 3.6965 3.739 3.7815 3.8255 3.869 3.9135 3.958 4.0035 4.049 4.0945 4.141 4.187 4.234 4.2805 4.3275 4.375 4.422 4.469 4.516 4.5635 4.6105 4.657 4.704 4.75 4.7965 4.842 4.887 4.932 4.9765 5.02 5.063 5.1055 5.1475 5.1885 5.229 5.2685 5.307 5.3445 5.382 5.4175 5.453 5.4865 5.52 5.5525 5.583 5.6135 5.643 5.671 5.698 5.7245 5.7495 5.774 5.7975 5.8195 5.8415 
18.6 2.4805 2.3755 2.395 2.416 2.4365 2.4585 2.48 2.502 2.525 2.5475 2.5715 2.595 2.6195 2.644 2.6695 2.695 2.7215 2.748 2.775 2.8025 2.831 2.8595 2.8885 2.918 2.9485 2.9795 3.0105 3.0425 3.0745 3.108 3.141 3.175 3.21 3.245 3.281 3.317 3.3535 3.3915 3.429 3.468 3.5065 3.5465 3.5865 3.627 3.668 3.71 3.752 3.7945 3.8375 3.8805 3.925 3.9685 4.0135 4.0585 4.103 4.149 4.1945 4.24 4.286 4.3325 4.378 4.4245 4.471 4.5165 4.563 4.6085 4.6545 4.6995 4.7445 4.7895 4.834 4.878 4.921 4.964 5.0065 5.0485 5.089 5.1295 5.1695 5.208 5.246 5.2835 5.3195 5.3555 5.3895 5.4235 5.4565 5.488 5.519 5.5485 5.578 5.6055 5.633 5.659 5.684 5.7085 5.7315 5.754 5.7755 
18.7 2.473 2.368 2.388 2.408 2.429 2.45 2.4715 2.4935 2.516 2.5385 2.562 2.585 2.6095 2.6335 2.659 2.684 2.7095 2.736 2.763 2.79 2.818 2.846 2.8745 2.904 2.934 2.964 2.9945 3.0265 3.058 3.0905 3.123 3.157 3.1905 3.2255 3.2605 3.296 3.3325 3.369 3.406 3.444 3.4825 3.5215 3.5605 3.6 3.641 3.681 3.723 3.7645 3.8065 3.849 3.8915 3.9355 3.9785 4.023 4.0665 4.1115 4.156 4.2005 4.246 4.291 4.3355 4.3815 4.426 4.4715 4.5165 4.5615 4.606 4.6505 4.6945 4.7385 4.782 4.825 4.868 4.9095 4.9515 4.992 5.0325 5.0725 5.111 5.1495 5.187 5.2235 5.259 5.2945 5.3285 5.362 5.394 5.4255 5.4565 5.4855 5.5145 5.5425 5.569 5.595 5.62 5.6445 5.6675 5.6895 5.7115 
18.8 2.466 2.3605 2.3805 2.4005 2.421 2.442 2.4635 2.485 2.507 2.5295 2.552 2.576 2.599 2.6235 2.648 2.673 2.6985 2.7245 2.751 2.7775 2.805 2.833 2.861 2.89 2.919 2.949 2.9795 3.01 3.0415 3.0735 3.106 3.1385 3.172 3.206 3.241 3.2755 3.311 3.347 3.384 3.421 3.4585 3.4965 3.535 3.574 3.614 3.6535 3.6945 3.735 3.776 3.818 3.86 3.902 3.945 3.988 4.0315 4.0745 4.1185 4.1625 4.2065 4.2505 4.2945 4.339 4.383 4.4275 4.4715 4.515 4.5595 4.6025 4.646 4.689 4.7315 4.7735 4.8155 4.857 4.8975 4.9375 4.9775 5.0165 5.0545 5.0925 5.129 5.1655 5.2005 5.2355 5.2685 5.3015 5.334 5.3645 5.395 5.4245 5.4525 5.4805 5.507 5.5325 5.558 5.5815 5.6045 5.6275 5.648 
18.9 2.4585 2.354 2.373 2.393 2.413 2.434 2.455 2.4765 2.4985 2.5205 2.543 2.566 2.5895 2.6135 2.6375 2.662 2.6875 2.713 2.739 2.7655 2.792 2.82 2.8475 2.876 2.905 2.9345 2.964 2.9945 3.0255 3.0565 3.0885 3.121 3.1535 3.1875 3.221 3.2555 3.2905 3.3255 3.362 3.398 3.435 3.4725 3.5105 3.5485 3.5875 3.6265 3.666 3.7065 3.7465 3.7875 3.829 3.87 3.912 3.9545 3.9965 4.039 4.082 4.1245 4.168 4.2115 4.2545 4.2975 4.341 4.3845 4.4275 4.4705 4.5135 4.556 4.5985 4.6405 4.6825 4.724 4.7645 4.8055 4.8455 4.8845 4.924 4.962 4.9995 5.037 5.073 5.1085 5.1435 5.1775 5.2105 5.243 5.2745 5.3055 5.3355 5.3645 5.3925 5.4195 5.4465 5.472 5.4965 5.5205 5.5435 5.566 5.587 
19 2.4515 2.3465 2.366 2.3855 2.4055 2.4265 2.4465 2.4685 2.4895 2.5115 2.534 2.5565 2.58 2.603 2.6275 2.6515 2.676 2.702 2.727 2.7535 2.78 2.807 2.8345 2.862 2.891 2.92 2.949 2.979 3.0095 3.04 3.0715 3.1035 3.136 3.1685 3.202 3.2355 3.2705 3.3045 3.3405 3.3755 3.4125 3.4485 3.486 3.5235 3.5615 3.6 3.639 3.6785 3.7175 3.758 3.798 3.839 3.88 3.921 3.9625 4.0045 4.0465 4.088 4.1305 4.173 4.2155 4.2575 4.3 4.3425 4.385 4.4265 4.469 4.511 4.552 4.594 4.6345 4.675 4.7155 4.755 4.7945 4.8335 4.8715 4.909 4.946 4.9825 5.0185 5.0535 5.0875 5.121 5.154 5.186 5.217 5.248 5.277 5.306 5.3335 5.361 5.387 5.4125 5.437 5.461 5.484 5.5055 5.5275 
19.1 2.444 2.34 2.3585 2.3785 2.398 2.4185 2.4385 2.46 2.481 2.503 2.525 2.547 2.5705 2.593 2.617 2.641 2.6655 2.6905 2.716 2.7415 2.7675 2.7945 2.821 2.849 2.877 2.9055 2.9345 2.964 2.9935 3.0245 3.0545 3.0865 3.118 3.1505 3.183 3.2165 3.25 3.2845 3.319 3.354 3.3895 3.4255 3.4625 3.499 3.536 3.574 3.6125 3.6505 3.69 3.7285 3.7685 3.8085 3.848 3.889 3.9295 3.9705 4.0115 4.0525 4.094 4.1355 4.177 4.219 4.26 4.3015 4.343 4.3845 4.4255 4.4665 4.5075 4.548 4.588 4.6275 4.6675 4.7065 4.7445 4.783 4.821 4.8575 4.894 4.9295 4.965 4.9995 5.0335 5.0665 5.0985 5.1305 5.161 5.191 5.2205 5.249 5.2765 5.303 5.3295 5.3545 5.379 5.4025 5.4255 5.447 5.4685 
19.2 2.437 2.333 2.3515 2.371 2.3905 2.411 2.431 2.4515 2.4725 2.4945 2.5155 2.5385 2.5605 2.5835 2.607 2.6305 2.655 2.6795 2.704 2.73 2.7555 2.782 2.8085 2.8355 2.8635 2.8915 2.92 2.949 2.978 3.0085 3.0385 3.0695 3.1005 3.1325 3.1645 3.1975 3.2305 3.264 3.2985 3.3325 3.3675 3.403 3.439 3.475 3.5115 3.5485 3.586 3.624 3.662 3.7005 3.739 3.7785 3.818 3.857 3.8975 3.937 3.9775 4.018 4.0585 4.099 4.1395 4.1805 4.2215 4.2615 4.3025 4.343 4.3835 4.4235 4.4635 4.503 4.543 4.5815 4.6205 4.6585 4.697 4.734 4.771 4.8075 4.843 4.8785 4.913 4.947 4.98 5.013 5.045 5.076 5.1065 5.136 5.165 5.1935 5.2205 5.247 5.273 5.298 5.322 5.3455 5.3685 5.39 5.411 
19.3 2.4295 2.3265 2.3445 2.3635 2.3835 2.403 2.423 2.4435 2.4645 2.4855 2.507 2.529 2.551 2.574 2.597 2.6205 2.6445 2.6685 2.693 2.718 2.744 2.7695 2.796 2.8225 2.85 2.8775 2.9055 2.9345 2.963 2.9925 3.0225 3.053 3.0835 3.115 3.1465 3.179 3.211 3.2445 3.2775 3.312 3.346 3.3805 3.416 3.4515 3.4875 3.5235 3.5605 3.5975 3.635 3.673 3.7105 3.749 3.788 3.8265 3.8655 3.905 3.9445 3.9835 4.024 4.0635 4.103 4.1435 4.183 4.2235 4.2625 4.3025 4.3425 4.3815 4.4205 4.46 4.4985 4.5365 4.575 4.612 4.65 4.686 4.723 4.758 4.794 4.828 4.8625 4.896 4.9285 4.961 4.992 5.023 5.0535 5.082 5.111 5.139 5.166 5.1925 5.2175 5.2425 5.267 5.29 5.3125 5.334 5.3555 
19.4 2.423 2.3195 2.3375 2.3565 2.376 2.395 2.4155 2.4355 2.4565 2.477 2.498 2.52 2.542 2.5645 2.5875 2.61 2.634 2.6575 2.682 2.707 2.732 2.7575 2.7835 2.81 2.8365 2.864 2.8915 2.92 2.948 2.9775 3.0065 3.0365 3.067 3.0975 3.1285 3.1605 3.1925 3.225 3.2575 3.291 3.325 3.359 3.3935 3.4285 3.4635 3.4995 3.5355 3.5715 3.6085 3.646 3.6825 3.7205 3.7585 3.7965 3.8345 3.8735 3.912 3.9505 3.99 4.0285 4.068 4.107 4.146 4.1855 4.224 4.2635 4.302 4.3405 4.379 4.4175 4.455 4.493 4.5305 4.567 4.6035 4.64 4.6755 4.711 4.745 4.7795 4.813 4.846 4.8785 4.91 4.941 4.9715 5.001 5.03 5.058 5.086 5.1125 5.1385 5.164 5.189 5.2125 5.2355 5.258 5.2795 5.3005 
19.5 2.416 2.313 2.3305 2.3495 2.3685 2.388 2.4075 2.428 2.448 2.4685 2.49 2.511 2.533 2.555 2.5775 2.6 2.6235 2.6475 2.671 2.6955 2.7205 2.7455 2.771 2.7975 2.8235 2.8505 2.878 2.9055 2.9335 2.962 2.991 3.0205 3.0505 3.0805 3.1115 3.142 3.174 3.206 3.238 3.271 3.304 3.3375 3.3715 3.406 3.4405 3.4755 3.511 3.5465 3.5825 3.619 3.6555 3.6925 3.73 3.767 3.8045 3.8425 3.88 3.9185 3.9565 3.995 4.033 4.0715 4.11 4.1485 4.1865 4.2245 4.263 4.301 4.338 4.376 4.4135 4.45 4.487 4.523 4.559 4.5945 4.6295 4.6645 4.698 4.732 4.7645 4.7975 4.829 4.8605 4.891 4.921 4.95 4.979 5.007 5.034 5.0605 5.0865 5.111 5.136 5.1595 5.1825 5.2045 5.2265 5.247 
19.6 2.409 2.3065 2.324 2.3425 2.3615 2.3805 2.4 2.4195 2.44 2.4605 2.4815 2.502 2.524 2.5455 2.568 2.5905 2.6135 2.6365 2.6605 2.6845 2.709 2.734 2.759 2.7845 2.811 2.8375 2.864 2.8915 2.919 2.9475 2.9755 3.005 3.034 3.064 3.094 3.1245 3.156 3.187 3.219 3.251 3.2835 3.3165 3.35 3.3835 3.418 3.452 3.487 3.522 3.557 3.593 3.629 3.665 3.702 3.738 3.775 3.8125 3.849 3.887 3.924 3.962 3.999 4.037 4.075 4.112 4.15 4.187 4.2245 4.262 4.299 4.3355 4.372 4.4085 4.4445 4.48 4.5155 4.5505 4.5845 4.619 4.652 4.6855 4.718 4.7495 4.7815 4.812 4.842 4.872 4.9005 4.929 4.9565 4.9835 5.0095 5.035 5.0605 5.084 5.108 5.1305 5.1525 5.174 5.1945 
19.7 2.4025 2.3 2.317 2.3355 2.3545 2.373 2.3925 2.412 2.432 2.4525 2.4725 2.494 2.515 2.5365 2.558 2.581 2.6035 2.626 2.65 2.6735 2.698 2.722 2.747 2.7725 2.7985 2.824 2.851 2.8775 2.905 2.9325 2.961 2.989 3.0185 3.0475 3.077 3.107 3.138 3.1685 3.2 3.2315 3.264 3.296 3.329 3.3615 3.3955 3.4295 3.463 3.498 3.5325 3.5675 3.6025 3.6385 3.674 3.7105 3.746 3.7825 3.8195 3.8555 3.8925 3.9295 3.9665 4.003 4.04 4.077 4.114 4.1505 4.1875 4.2235 4.2605 4.296 4.3325 4.3675 4.403 4.4385 4.4725 4.5075 4.541 4.5745 4.6075 4.64 4.672 4.7035 4.734 4.765 4.7945 4.8235 4.8525 4.88 4.9075 4.934 4.96 4.985 5.01 5.034 5.057 5.08 5.1015 5.123 5.1435 
19.8 2.396 2.2935 2.3105 2.3285 2.3475 2.366 2.385 2.4045 2.424 2.444 2.4645 2.485 2.506 2.5275 2.549 2.5715 2.5935 2.616 2.6395 2.6625 2.6865 2.711 2.7355 2.7605 2.7855 2.8115 2.8375 2.864 2.891 2.9185 2.9455 2.9745 3.002 3.0315 3.0605 3.0905 3.12 3.1505 3.1815 3.2125 3.244 3.276 3.308 3.3405 3.3735 3.407 3.44 3.474 3.5085 3.5425 3.577 3.6125 3.647 3.6825 3.718 3.754 3.7895 3.8255 3.8615 3.898 3.934 3.97 4.0065 4.0425 4.079 4.115 4.1505 4.187 4.222 4.258 4.293 4.328 4.363 4.397 4.4315 4.465 4.4985 4.531 4.564 4.5955 4.6275 4.658 4.6885 4.719 4.748 4.7765 4.805 4.8325 4.8595 4.8855 4.9115 4.9365 4.961 4.9845 5.0075 5.03 5.052 5.073 5.0935 
19.9 2.3895 2.287 2.304 2.322 2.34 2.359 2.3775 2.397 2.416 2.4365 2.456 2.4765 2.4975 2.5185 2.54 2.5615 2.584 2.606 2.629 2.652 2.6755 2.7 2.7235 2.7485 2.7735 2.7985 2.825 2.8505 2.877 2.9045 2.931 2.959 2.987 3.0155 3.0445 3.0735 3.1025 3.133 3.163 3.194 3.2245 3.2565 3.2875 3.3195 3.3525 3.3845 3.4175 3.451 3.4845 3.518 3.552 3.5865 3.621 3.6555 3.6905 3.7255 3.761 3.796 3.831 3.867 3.9025 3.938 3.9735 4.009 4.0445 4.08 4.115 4.1505 4.1855 4.2205 4.2545 4.2895 4.3235 4.357 4.391 4.424 4.4565 4.489 4.521 4.5525 4.5835 4.614 4.644 4.674 4.7025 4.731 4.7585 4.786 4.8125 4.8385 4.864 4.889 4.9125 4.9365 4.9595 4.9815 5.003 5.024 5.0445 
20 2.383 2.2805 2.2975 2.315 2.3335 2.352 2.37 2.3895 2.4085 2.4285 2.448 2.4685 2.4885 2.5095 2.531 2.552 2.5745 2.596 2.619 2.6415 2.665 2.688 2.7125 2.737 2.761 2.7865 2.8115 2.8375 2.864 2.89 2.917 2.944 2.972 3 3.028 3.057 3.086 3.1155 3.145 3.1755 3.206 3.2365 3.2675 3.2995 3.331 3.363 3.3955 3.428 3.461 3.4945 3.5275 3.561 3.5955 3.629 3.6635 3.698 3.7325 3.767 3.8015 3.8365 3.8715 3.9065 3.9415 3.976 4.011 4.046 4.0805 4.115 4.1495 4.1835 4.218 4.2515 4.2845 4.3185 4.351 4.384 4.416 4.4475 4.4795 4.5105 4.5405 4.571 4.6005 4.6295 4.658 4.6865 4.7135 4.7405 4.7665 4.7925 4.818 4.842 4.866 4.889 4.912 4.934 4.9555 4.976 4.9965 
20.1 2.3765 2.274 2.291 2.3085 2.3265 2.3445 2.3635 2.382 2.401 2.42 2.4405 2.46 2.48 2.501 2.5215 2.543 2.5645 2.5865 2.609 2.631 2.6545 2.6775 2.701 2.725 2.7495 2.774 2.799 2.8245 2.8505 2.8765 2.9025 2.93 2.957 2.9845 3.012 3.041 3.069 3.0985 3.1275 3.1575 3.187 3.2175 3.248 3.2795 3.31 3.342 3.374 3.4055 3.4385 3.4705 3.5035 3.537 3.5695 3.6035 3.637 3.671 3.7045 3.739 3.7725 3.807 3.8415 3.8755 3.91 3.944 3.9785 4.0125 4.0465 4.08 4.1145 4.148 4.181 4.2145 4.2475 4.28 4.3125 4.3445 4.3765 4.4075 4.4385 4.469 4.499 4.529 4.558 4.5865 4.6145 4.6425 4.6695 4.696 4.722 4.7475 4.772 4.7965 4.8205 4.843 4.8655 4.8875 4.909 4.9295 4.949 
20.2 2.37 2.268 2.2845 2.302 2.3195 2.338 2.356 2.3745 2.3935 2.4125 2.4325 2.4515 2.472 2.492 2.513 2.534 2.555 2.577 2.5985 2.621 2.644 2.6665 2.69 2.7135 2.738 2.762 2.7865 2.8115 2.8375 2.8625 2.889 2.9155 2.9425 2.969 2.997 3.025 3.0525 3.0815 3.1105 3.1395 3.169 3.1985 3.229 3.2595 3.29 3.321 3.3525 3.384 3.4155 3.448 3.48 3.5125 3.545 3.5785 3.611 3.644 3.678 3.711 3.7445 3.778 3.8115 3.8455 3.879 3.913 3.946 3.98 4.0135 4.0465 4.08 4.1125 4.146 4.178 4.211 4.243 4.2745 4.306 4.3375 4.3685 4.3985 4.429 4.458 4.488 4.516 4.5445 4.5725 4.5995 4.6265 4.6525 4.6785 4.703 4.728 4.752 4.775 4.7985 4.82 4.842 4.8635 4.8835 4.9035 
20.3 2.364 2.2615 2.278 2.2955 2.313 2.331 2.349 2.3675 2.386 2.405 2.424 2.444 2.4635 2.4835 2.504 2.525 2.546 2.567 2.589 2.611 2.6335 2.656 2.679 2.702 2.7265 2.75 2.774 2.7995 2.824 2.8495 2.8755 2.901 2.928 2.9545 2.9815 3.009 3.037 3.065 3.093 3.122 3.151 3.1805 3.21 3.24 3.27 3.301 3.3315 3.3625 3.3935 3.4255 3.4565 3.489 3.521 3.5535 3.5855 3.6185 3.651 3.684 3.7165 3.75 3.783 3.8155 3.849 3.882 3.915 3.948 3.981 4.0135 4.0465 4.0785 4.111 4.143 4.175 4.206 4.238 4.269 4.299 4.33 4.36 4.389 4.419 4.447 4.476 4.5035 4.5305 4.558 4.584 4.6105 4.635 4.6605 4.6845 4.708 4.7315 4.754 4.776 4.7975 4.8185 4.839 4.858 
20.4 2.3575 2.256 2.2715 2.289 2.3065 2.324 2.342 2.3605 2.3785 2.3975 2.4165 2.4355 2.4555 2.475 2.4955 2.516 2.5365 2.558 2.579 2.601 2.6235 2.645 2.6685 2.691 2.7145 2.7385 2.7625 2.7865 2.8115 2.8365 2.8615 2.8875 2.914 2.9395 2.967 2.9935 3.021 3.0485 3.0765 3.105 3.133 3.1625 3.1915 3.221 3.2505 3.2805 3.311 3.3415 3.372 3.4035 3.434 3.466 3.497 3.529 3.561 3.593 3.625 3.657 3.69 3.722 3.7545 3.787 3.8195 3.852 3.8845 3.9165 3.9495 3.981 4.0135 4.045 4.077 4.1085 4.14 4.1705 4.202 4.232 4.2625 4.292 4.322 4.351 4.3795 4.408 4.436 4.463 4.4905 4.517 4.543 4.5685 4.5935 4.618 4.642 4.6655 4.6885 4.711 4.7325 4.754 4.775 4.7945 4.8145 
20.5 2.3515 2.25 2.2655 2.2825 2.2995 2.3175 2.335 2.353 2.3715 2.39 2.4085 2.428 2.447 2.467 2.487 2.507 2.5275 2.5485 2.57 2.591 2.613 2.635 2.6575 2.6805 2.703 2.727 2.7505 2.7745 2.7985 2.8235 2.8485 2.874 2.8995 2.9255 2.952 2.9785 3.005 3.0325 3.0605 3.0875 3.1165 3.1445 3.173 3.2025 3.2315 3.261 3.2905 3.321 3.351 3.381 3.4125 3.443 3.474 3.505 3.5365 3.568 3.5995 3.6315 3.663 3.695 3.727 3.7585 3.7905 3.823 3.8545 3.886 3.918 3.9495 3.9815 4.0125 4.0435 4.075 4.1055 4.136 4.166 4.1965 4.226 4.2555 4.285 4.313 4.3415 4.3695 4.397 4.4245 4.4505 4.477 4.5025 4.528 4.5525 4.577 4.6005 4.624 4.646 4.669 4.69 4.7115 4.7315 4.752 4.771 
20.6 2.345 2.244 2.259 2.2765 2.293 2.311 2.328 2.346 2.364 2.3825 2.4015 2.42 2.439 2.4585 2.4785 2.4985 2.5185 2.5395 2.56 2.5815 2.603 2.625 2.647 2.6695 2.692 2.7155 2.7385 2.7625 2.7865 2.8105 2.8355 2.8605 2.8855 2.9115 2.9375 2.9635 2.99 3.0165 3.044 3.0715 3.099 3.127 3.1555 3.1835 3.213 3.2415 3.271 3.3005 3.33 3.3605 3.39 3.421 3.451 3.482 3.5125 3.5435 3.575 3.6055 3.637 3.6685 3.7 3.731 3.7625 3.7935 3.8255 3.856 3.888 3.9185 3.9495 3.9805 4.0115 4.0415 4.072 4.102 4.132 4.1615 4.1905 4.2195 4.2485 4.276 4.3045 4.332 4.359 4.3855 4.412 4.438 4.463 4.4885 4.5125 4.5365 4.5595 4.583 4.6055 4.627 4.649 4.6695 4.6895 4.71 4.729 
20.7 2.339 2.238 2.253 2.27 2.287 2.304 2.3215 2.339 2.357 2.375 2.3935 2.4125 2.431 2.4505 2.47 2.49 2.51 2.53 2.551 2.572 2.593 2.6145 2.637 2.6585 2.681 2.7045 2.727 2.7505 2.774 2.7985 2.8225 2.847 2.872 2.8975 2.923 2.949 2.9745 3.0015 3.028 3.055 3.0825 3.11 3.1375 3.166 3.194 3.223 3.2515 3.2805 3.31 3.339 3.369 3.399 3.4285 3.459 3.4895 3.5195 3.55 3.581 3.6115 3.6425 3.673 3.704 3.735 3.7655 3.7965 3.827 3.858 3.8885 3.919 3.949 3.9795 4.0095 4.039 4.069 4.098 4.127 4.156 4.1845 4.2125 4.2405 4.268 4.295 4.322 4.348 4.374 4.3995 4.4245 4.4495 4.473 4.497 4.5205 4.5425 4.565 4.587 4.608 4.6285 4.649 4.668 4.688 
20.8 2.3335 2.2315 2.2475 2.2635 2.2805 2.2975 2.3145 2.3325 2.3495 2.368 2.386 2.405 2.423 2.4425 2.462 2.481 2.5015 2.521 2.542 2.562 2.5835 2.605 2.626 2.6485 2.6705 2.6925 2.716 2.7385 2.7625 2.7855 2.81 2.834 2.859 2.8835 2.909 2.9345 2.96 2.986 3.0125 3.039 3.0655 3.0935 3.12 3.1485 3.176 3.204 3.2325 3.261 3.2895 3.319 3.348 3.3775 3.4065 3.4365 3.4665 3.496 3.5265 3.5565 3.5865 3.6165 3.6475 3.6775 3.7075 3.738 3.7685 3.7985 3.829 3.8585 3.889 3.9185 3.948 3.978 4.007 4.036 4.065 4.094 4.122 4.15 4.1775 4.2055 4.232 4.2595 4.285 4.3115 4.337 4.362 4.387 4.411 4.435 4.4585 4.481 4.5035 4.526 4.547 4.568 4.5885 4.6085 4.628 4.647 
20.9 2.327 2.226 2.241 2.2575 2.274 2.291 2.3085 2.325 2.343 2.361 2.3785 2.397 2.4155 2.4345 2.4535 2.473 2.4925 2.5125 2.5325 2.553 2.574 2.595 2.616 2.638 2.6595 2.682 2.7045 2.727 2.7505 2.7735 2.7975 2.8215 2.8455 2.87 2.895 2.92 2.9455 2.971 2.997 3.0235 3.0495 3.0765 3.1035 3.1305 3.158 3.186 3.214 3.2415 3.2705 3.2985 3.3275 3.356 3.3855 3.4145 3.444 3.473 3.503 3.532 3.562 3.592 3.6215 3.6515 3.6815 3.711 3.7405 3.771 3.8 3.83 3.859 3.8885 3.918 3.9465 3.976 4.004 4.033 4.0605 4.089 4.1165 4.1435 4.171 4.1975 4.2235 4.25 4.2755 4.3005 4.3255 4.3495 4.374 4.3975 4.4205 4.443 4.465 4.487 4.5085 4.529 4.5495 4.569 4.5885 4.607 
