0.0005 4.4775 4.492 4.5075 4.5225 4.5375 4.5535 4.569 4.5845 4.6005 4.6165 4.6325 4.649 4.6655 4.682 4.6985 4.716 4.7325 4.75 4.767 4.785 4.8025 4.8205 4.838 4.8565 4.875 4.8935 4.912 4.931 4.9505 4.969 4.989 5.0085 5.0285 5.0485 5.0685 5.089 5.11 5.1305 5.152 5.173 5.195 5.216 5.2385 5.261 5.283 5.306 5.329 5.352 5.3755 5.3995 5.4235 5.4475 5.472 5.4975 5.522 5.5475 5.5735 5.5995 5.626 5.6525 5.679 5.707 5.7345 5.762 5.791 5.8195 5.8485 5.878 5.9075 5.938 5.9685 6 6.031 6.0625 6.0955 6.1275 6.161 6.195 6.2285 6.2635 6.2985 6.334 6.3705 6.407 6.444 6.4815 6.5205 6.559 6.5985 6.6385 6.6795 6.721 6.763 6.806 6.8495 6.8935 6.9385 6.984 7.031 
0.0007 4.9155 4.942 4.9695 4.9965 5.024 5.052 5.0805 5.1095 5.139 5.1685 5.1985 5.2295 5.2605 5.2915 5.324 5.3565 5.3895 5.423 5.457 5.4915 5.527 5.5625 5.5985 5.636 5.6735 5.7115 5.751 5.79 5.8305 5.871 5.9135 5.9555 5.999 6.0425 6.088 6.134 6.18 6.228 6.2765 6.326 6.3765 6.428 6.481 6.5345 6.5895 6.6455 6.7035 6.7615 6.822 6.883 6.9465 7.0105 7.0765 7.144 7.2135 7.285 7.3575 7.432 7.5095 7.5885 7.6695 7.753 7.839 7.9275 8.019 8.113 8.21 8.31 8.414 8.5205 8.6315 8.746 8.865 8.988 9.116 9.2495 9.3875 9.532 9.682 9.8395 10.0035 10.176 10.3565 10.546 10.746 10.9565 11.1795 11.4155 11.6665 11.9335 12.219 12.5255 12.855 13.2115 
0.0009 5.4225 5.4665 5.511 5.557 5.6035 5.6515 5.7 5.75 5.801 5.853 5.9065 5.961 6.017 6.074 6.133 6.193 6.2545 6.318 6.383 6.4495 6.518 6.5885 6.6605 6.7355 6.8115 6.891 6.972 7.056 7.143 7.2315 7.3245 7.4195 7.5185 7.621 7.7265 7.837 7.951 8.0695 8.193 8.322 8.4555 8.596 8.7425 8.8955 9.0565 9.2255 9.403 9.59 9.788 9.9975 10.22 10.456 10.7085 10.9785 11.2685 11.582 11.9205 12.2905 12.694 13.1405 13.635 14.19 14.819 15.541 16.384 17.388 18.6185 20.188 22.308 25.478 31.3725 
0.0011 6.01 6.08 6.152 6.226 6.303 6.382 6.4635 6.548 6.635 6.7255 6.8195 6.916 7.017 7.1215 7.2305 7.3435 7.461 7.584 7.713 7.8465 7.9875 8.135 8.2895 8.453 8.6245 8.8055 8.998 9.2015 9.4185 9.6495 9.8965 10.1625 10.4485 10.7585 11.0955 11.4635 11.8695 12.3185 12.821 13.388 14.0365 14.789 15.6785 16.7575 18.1095 19.892 22.4325 26.64 37.605 
0.0013 6.691 6.801 6.9145 7.0345 7.1585 7.29 7.4265 7.571 7.722 7.8825 8.0505 8.23 8.419 8.621 8.836 9.0665 9.313 9.5795 9.8675 10.181 10.523 10.899 11.315 11.7805 12.304 12.9015 13.592 14.405 15.3845 16.601 18.1815 20.3785 23.8255 31.086 185.579 10.594 10.9775 11.4025 11.878 12.415 13.029 13.741 14.582 15.602 
0.0015 7.649 7.83 8.0215 8.2265 8.4465 8.682 8.936 9.212 9.511 9.8385 10.199 10.5985 11.0445 11.548 12.122 12.787 13.5705 14.5155 15.6905 17.2185 19.345 22.6815 29.662 171.747 10.5285 10.9665 11.459 12.0205 12.6685 13.4295 14.344 15.4735 16.931 18.93 21.986 27.9185 
0.0017 8.646 8.932 9.2455 9.59 9.9725 10.399 10.881 11.4315 12.0675 12.818 13.7225 14.846 16.304 18.3255 21.4685 27.8365 162.462 10.484 10.978 11.542 12.1975 12.9725 13.912 15.0865 16.627 18.797 22.28 30.0595 
0.0019 9.804 10.2615 10.783 11.3855 12.095 12.947 14.0015 15.3615 17.2245 20.061 25.458 164.858 10.4885 11.044 11.6915 12.4595 13.3945 14.57 16.1235 18.339 21.9775 30.71 148.179 10.4315 10.979 11.615 12.368 13.2815 
0.0021 11.845 12.736 13.855 15.326 17.4065 20.761 28.2695 141.801 10.415 11.0205 11.7375 12.6035 13.686 15.0985 17.0715 20.1785 26.644 144.549 10.4315 11.0405 11.7605 12.633 13.7225 15.1475 17.144 20.302 26.9725 
0.0023 15.2105 17.469 21.306 31.6625 132.766 10.3775 11.0385 11.8325 12.815 14.0785 15.8025 18.398 23.185 46.136 132.55 10.3745 11.0355 11.829 12.81 14.072 15.7935 18.3835 23.153 45.6155 
0.0025 18.1835 23.3045 157.803 10.7465 11.55 12.549 13.847 15.6435 18.4165 23.8435 140.656 10.523 11.277 12.206 13.394 15 17.3765 21.5785 35.2875 
0.0027 34.6135 121.297 10.3505 11.131 12.1025 13.3645 15.108 17.7905 22.984 142.159 10.683 11.541 12.6275 14.0735 16.154 19.617 28.097 122.943 10.3855 11.1745 12.158 13.4375 
0.0029 121.69 10.4705 11.345 12.461 13.964 16.172 19.997 30.9625 117.197 10.3635 11.211 12.287 13.7235 15.801 19.289 28.057 118.165 10.39 11.244 12.33 13.7825 
0.0031 112.695 10.356 11.2665 12.444 14.0615 16.517 21.094 42.322 112.959 10.366 11.2795 12.4615 14.086 16.5565 21.182 43.653 113.093 10.3715 11.286 12.4695 14.0985 16.5765 21.225 
0.0033 10.5625 11.598 12.984 14.9915 18.3615 26.755 110.647 10.439 11.439 12.765 14.66 17.756 24.784 112.351 10.504 11.523 12.8805 14.8335 18.0705 25.7675 111.332 
0.0035 10.4865 11.5695 13.0405 15.229 19.1075 31.202 105.945 10.3975 11.453 12.8775 14.973 18.601 28.727 106.379 10.4225 11.485 12.923 15.044 18.739 29.351 106.236 10.414 
0.0037 10.5585 11.7355 13.38 15.944 21.025 119.04 11.7495 13.399 15.977 21.103 117.869 11.515 13.0615 15.4175 19.8225 39.1875 102.802 10.414 11.5425 13.1005 15.4815 19.963 
0.0039 11.007 12.431 14.5505 18.3055 29.7595 100.191 10.456 11.6695 13.3875 16.134 21.934 106.411 10.9115 12.297 14.3405 17.888 27.7865 100.559 10.487 11.7115 13.4495 16.243 22.2245 
0.0041 10.471 11.7615 13.633 16.764 24.337 99.298 10.6485 12.009 14.014 17.4875 27.031 98.061 10.5345 11.8505 13.768 17.0165 25.2085 98.759 10.6005 11.941 13.909 17.2845 26.209 
0.0043 11.239 12.9465 15.705 21.6765 99.859 11.0405 12.652 15.1955 20.351 105.063 12.0905 14.2645 18.2355 32.239 94.9645 10.4945 11.8685 13.911 17.511 28.0975 95.3395 10.5415 
0.0045 12.2585 14.67 19.417 56.444 97.069 11.1175 12.8585 15.7125 22.1465 96.027 10.973 12.6415 15.3285 21.069 98.1335 11.2815 13.1065 16.1665 23.5585 94.6075 10.7875 
0.0047 12.188 14.6845 19.769 97.757 13.167 16.4635 25.2555 91.4915 10.7105 12.337 14.9425 20.424 96.7 11.6915 13.858 17.8665 32.8635 90.6275 10.5615 12.117 14.5645 19.4735 
0.0049 14.9585 20.835 92.757 11.4375 13.556 17.453 31.3635 88.704 10.606 12.2625 14.953 20.819 92.7865 11.4445 13.568 17.479 31.542 88.6995 10.605 12.2605 14.95 20.811 
0.0051 15.359 22.4595 88.6035 11.0545 13.042 16.5925 27.4055 87.112 10.7085 12.5005 15.537 23.0505 88.253 10.974 12.914 16.3365 26.1835 87.284 10.7505 12.5655 15.659 23.477 
0.0053 24.994 85.706 10.8535 12.816 16.319 26.899 85.399 10.7665 12.6775 16.042 25.608 85.585 10.82 12.762 16.2105 26.376 85.465 10.7855 12.708 16.102 25.876 
0.0055 83.5155 10.7335 12.713 16.2885 27.598 83.667 10.7885 12.802 16.472 28.6335 83.599 10.764 12.762 16.39 28.158 83.627 10.7745 12.7785 16.4245 28.3535 
0.0057 13.4395 18.1155 55.769 85.002 12.5505 16.128 27.604 82.102 10.833 12.9655 17.0185 34.0335 81.9715 10.776 12.8725 16.812 32.194 81.9645 
0.0059 13.2135 17.8055 50.93 82.071 11.601 14.417 21.1185 81.961 11.5385 14.301 20.756 82.168 11.6595 14.5255 21.4685 81.785 11.4435 14.1275 20.233 
0.0061 24.1055 79.535 11.108 13.6365 19.1445 81.199 12.923 17.333 43.299 79.5325 11.1065 13.6345 19.1385 81.1975 12.933 17.356 43.7765 
0.0063 11.702 14.87 23.6515 78.218 11.2005 13.9135 20.2525 79.1585 11.959 15.3885 26.033 77.977 11.0325 13.608 19.348 79.497 12.615 16.8145 37.5405 
0.0065 10.976 13.6105 19.6505 77.8545 12.3545 16.404 34.515 76.5975 10.9845 13.6265 19.699 77.841 12.3195 16.3255 33.6975 76.5885 10.976 13.6115 19.6525 77.854 12.353 
0.0067 11.7355 15.2175 26.55 75.4715 11.1085 13.967 21.123 76.0465 11.735 15.215 26.5395 75.4715 11.1095 13.9675 21.126 76.046 11.734 15.2135 26.5295 75.472 11.1095 13.9685 
0.0069 13.388 19.57 75.0625 12.4675 17.045 51.868 75.056 12.9815 18.387 74.5295 14.0675 21.871 74.6625 11.6115 15.0975 26.6035 74.322 11.157 14.1755 22.2835 
0.0071 11.454 14.903 26.2065 73.2375 11.226 14.432 23.8325 73.3325 11.3895 14.768 25.476 73.2585 11.264 14.51 24.191 73.3125 11.3565 14.699 25.119 73.2715 11.286 14.5545 
0.0073 16.5185 45.43 72.4415 11.8555 15.937 35.7685 72.177 11.241 14.5885 25.148 72.2155 11.3365 14.7885 26.2375 72.191 11.2765 14.6615 25.537 72.206 11.3125 14.738 
0.0075 11.275 14.788 26.939 71.1835 11.3005 14.842 27.2785 71.1805 11.2885 14.8175 27.12 71.1815 11.294 14.8285 27.1915 71.181 11.2915 14.8235 27.1585 71.1815 11.2925 14.826 
0.0077 59.746 28.9165 70.2235 11.304 14.984 29.075 70.2235 11.3015 14.979 29.037 70.2235 11.302 14.98 29.0455 70.2235 11.3025 14.9795 29.0435 70.2235 
0.0079 12.9715 19.687 69.387 12.5925 18.4765 69.1125 13.6125 22.0845 69.3655 11.8415 16.4045 51.567 68.155 15.157 31.5085 69.3155 11.349 15.222 32.1225 
0.0081 12.9465 19.892 68.441 12.5375 18.549 68.188 13.526 22.118 68.4545 11.891 16.708 60.178 25.3805 68.4435 11.537 15.8135 41.4855 68.453 11.858 
0.0083 65.3835 16.488 57.686 30.5335 67.61 11.461 15.7825 43.034 67.5755 12.14 17.587 66.25 15.3175 35.8005 67.5995 11.5705 16.0545 48.593 
0.0085 11.6675 16.4725 58.6095 26.5165 66.7955 11.59 16.2685 55.1715 40.16 66.7575 11.923 17.17 64.3755 16.788 62.16 19.87 66.6645 
0.0087 11.8565 17.173 63.8415 16.4885 59.497 23.3915 65.978 11.876 17.23 64.01 16.246 56.173 32.8255 66.0265 11.6095 16.4885 59.4975 23.39 
0.0089 15.3295 40.8205 65.1695 12.187 18.388 64.696 13.7785 25.27 65.256 11.7685 17.1125 63.096 16.5245 60.1065 21.2045 65.1455 12.31 18.7935 
0.0091 64.5645 11.721 17.1645 62.646 16.145 56.557 28.2885 64.568 11.7115 17.137 62.5835 16.2435 57.704 25.0915 64.531 11.8375 17.513 63.2475 15.154 
0.0093 63.8305 11.91 17.945 62.966 14.3635 31.126 63.877 11.769 17.503 62.564 15.132 40.8965 63.69 12.41 19.668 63.534 12.953 21.9 63.727 
0.0095 11.8235 17.881 62.237 14.466 33.185 63.189 11.884 18.075 62.3585 14.21 30.5875 63.2105 11.826 17.8875 62.242 14.456 33.074 63.1905 11.8795 18.063 
0.0097 12.755 21.7185 62.3735 12.4285 20.311 62.2505 12.805 21.953 62.3885 12.383 20.126 62.2285 12.872 22.2705 62.4075 12.326 19.9025 62.1985 12.96 22.706 
0.0099 61.928 11.9845 18.881 61.352 13.5595 26.774 61.926 11.9895 18.898 61.3565 13.5475 26.6915 61.925 11.9925 18.9085 61.359 13.541 26.6405 61.9245 11.994 18.9155 
0.0101 12.5305 21.3815 61.099 12.622 21.809 61.1325 12.531 21.3845 61.0995 12.6215 21.8055 61.132 12.532 21.3875 61.0995 12.621 21.802 61.132 12.5325 21.3905 61.1 12.62 
0.0103 22.375 60.581 12.491 21.5345 60.5195 12.6495 22.3045 60.5765 12.502 21.59 60.5235 12.6375 22.246 60.5725 12.5125 21.6365 60.5275 12.6275 22.1965 60.569 12.521 21.677 
0.0105 12.9455 24.3555 60.1135 12.3135 21.044 59.901 12.8275 23.659 60.084 12.381 21.354 59.9315 12.7515 23.234 60.063 12.43 21.5865 59.952 12.7 22.954 
0.0107 12.414 21.852 59.4215 12.7085 23.408 59.523 12.4715 22.14 59.4435 12.6555 23.11 59.507 12.508 22.327 59.4575 12.623 22.935 59.4965 12.5315 22.4475 
0.0109 12.6075 23.25 58.983 12.5535 22.9485 58.9655 12.5925 23.1645 58.9785 12.564 23.007 58.969 12.5845 23.121 58.9755 12.57 23.038 58.9705 12.5805 23.098 
0.0111 12.6875 24.141 58.513 12.5215 23.1655 58.463 12.6275 23.781 58.4965 12.5565 23.3665 58.475 12.6025 23.635 58.4885 12.5725 23.4565 58.4795 12.5925 23.5725 58.486 12.579 
0.0113 23.053 57.957 12.7065 24.7145 58.038 12.538 23.667 57.9915 12.633 24.248 58.0195 12.576 23.897 58.003 12.6095 24.0995 58.0125 12.59 23.9795 58.007 12.601 24.0495 
0.0115 12.6755 24.977 57.564 12.584 24.3815 57.541 12.63 24.674 57.5535 12.606 24.521 57.5475 12.618 24.599 57.55 12.612 24.559 57.5485 12.615 24.5795 57.5495 
0.0117 12.6415 25.219 57.103 12.6345 25.17 57.1015 12.6375 25.191 57.102 12.636 25.182 57.102 12.6365 25.186 57.102 12.6365 25.184 57.102 12.6365 25.185 
0.0119 12.6785 25.9745 56.6685 12.661 25.8455 56.665 12.667 25.888 56.6665 12.665 25.8735 56.666 12.6655 25.8785 56.666 12.6655 25.877 56.666 12.665 25.8775 
0.0121 55.294 14.8705 49.638 36.656 55.9595 13.2775 31.91 56.197 12.784 27.3155 56.2465 12.689 26.5645 56.237 12.707 26.7035 56.2395 12.7025 26.6715 
0.0123 17.5395 54.679 15.4065 52.014 23.106 55.6755 13.032 30.131 55.803 12.782 27.8655 55.8185 12.7525 27.619 55.8175 12.7545 27.6355 55.818 12.7545 27.634 
0.0125 55.395 12.831 28.8815 55.3965 12.8285 28.86 55.3965 12.8285 28.8575 55.3965 12.828 28.8575 55.3965 12.828 28.8575 55.3965 12.828 28.8575 55.3965 12.828 28.8575 
0.0127 46.326 49.7655 30.612 54.9595 12.954 30.691 54.9575 12.9575 30.727 54.957 12.959 30.744 54.956 12.96 30.752 54.956 12.96 30.756 54.956 12.96 
0.0129 13.32 35.4535 54.326 13.5075 37.7185 54.121 13.972 43.164 52.8645 17.272 53.359 15.914 52.2185 19.1675 53.977 14.318 46.383 48.6275 
0.0131 13.9415 43.354 52.2555 18.0505 53.299 15.1355 50.4075 24.5855 54.143 13.1605 34.3315 54.003 13.4445 37.7 53.711 14.101 44.872 50.914 
0.0133 47.7145 39.0055 53.1275 14.687 48.72 32.13 53.7325 13.299 36.6785 53.421 13.9725 44.084 51.1805 20.462 53.4365 13.9375 43.7595 51.458 
0.0135 46.287 45.7055 47.743 37.0785 52.9895 14.201 46.1445 46.277 45.7465 47.6235 37.9175 52.887 14.4505 47.5965 38.105 52.8615 
0.0137 13.304 38.086 52.4765 14.662 48.448 30.6585 53.05 13.363 38.766 52.3715 14.932 49.2895 25.9335 53.081 13.3025 38.0755 52.4785 14.658 48.4345 
0.0139 27.892 52.7465 13.3495 39.205 51.907 15.328 49.912 21.9275 52.5285 13.795 43.5645 50.036 21.436 52.481 13.899 44.388 49.0345 25.902 
0.0141 50.708 18.0105 51.5255 15.5315 49.9545 20.6725 52.054 14.175 46.2565 42.045 50.6185 18.3045 51.611 15.298 49.6145 22.024 52.1975 13.8525 
0.0143 13.725 43.548 48.99 23.608 51.976 13.696 43.333 49.2235 22.554 51.909 13.837 44.3535 47.794 30.194 52.0275 13.5915 42.484 49.9225 19.75 
0.0145 14.143 46.1245 40.03 50.5785 16.586 50.2935 17.491 50.711 16.1865 50.033 18.3675 50.9815 15.4095 49.2735 21.23 51.4655 14.18 46.286 38.995 
0.0147 50.63 15.603 49.2415 20.3025 51.036 14.529 47.398 29.757 51.3895 13.74 44.0275 47.104 31.722 51.311 13.9025 44.971 44.5635 45.8635 
0.0149 15.259 48.5875 21.989 50.9145 14.173 46.161 36.825 50.524 15.135 48.416 22.7745 50.9755 14.0385 45.634 40.2605 49.768 17.42 50.0785 
0.0151 15.838 48.9325 19.4985 50.3035 15.01 48.008 23.5885 50.7225 14.0135 45.5005 39.7345 49.5785 17.1715 49.6915 16.801 49.531 17.3295 49.7525 16.6075 
0.0153 15.499 48.3725 20.78 50.1955 14.6255 47.1365 27.156 50.5115 13.9175 45.079 40.891 48.7745 19.139 49.9455 15.2695 48.127 21.876 50.3085 14.358 
0.0155 14.727 47.141 25.8095 50.211 14.022 45.4195 37.5305 49.439 15.99 48.525 19.157 49.663 15.3465 47.976 21.4845 49.9845 14.5255 46.7615 28.1455 
0.0157 18.2185 49.1795 16.0255 48.292 19.128 49.3785 15.4485 47.8415 21.042 49.6565 14.721 46.939 25.7145 49.9255 14.11 45.604 34.805 49.53 15.04 47.398 
0.0159 24.427 49.6145 14.2665 45.8855 31.2955 49.5315 14.4515 46.279 28.5495 49.6385 14.2145 45.763 32.182 49.4755 14.581 46.517 26.993 49.6565 14.1765 
0.0161 29.9915 49.318 14.4085 46.032 28.8415 49.357 14.3225 45.862 30.0275 49.3165 14.4115 46.0385 28.798 49.358 14.32 45.857 30.0635 49.315 14.415 
0.0163 28.918 49.085 14.4225 45.8925 28.423 49.098 14.3945 45.8425 28.766 49.09 14.413 45.8755 28.5365 49.0955 14.4 45.853 28.6945 49.0915 14.409 
0.0165 27.8515 48.8455 14.4645 45.795 27.7395 48.8475 14.461 45.789 27.78 48.847 14.462 45.791 27.766 48.847 14.462 45.79 27.771 48.847 14.462 
0.0167 23.446 48.5215 14.711 45.967 25.34 48.587 14.5625 45.768 26.613 48.5985 14.536 45.7295 26.8665 48.5985 14.5365 45.731 26.858 48.598 14.537 45.7305 
0.0169 15.949 46.809 19.785 47.9315 15.687 46.649 20.5215 48.031 15.4115 46.4545 21.475 48.133 15.143 46.231 22.646 48.2265 14.9115 46.0055 23.919 48.2945 
0.0171 46.57 19.9435 47.713 15.7165 46.449 20.511 47.7875 15.509 46.311 21.1845 47.8625 15.3085 46.163 21.948 47.932 15.13 46.0145 22.75 47.9895 14.987 
0.0173 15.7315 46.242 20.5515 47.555 15.5905 46.154 20.985 47.604 15.458 46.064 21.4405 47.649 15.3375 45.9775 21.8955 47.689 15.2345 45.8975 22.3245 47.722 15.151 
0.0175 15.0335 45.5315 23.323 47.549 15.0935 45.582 23.028 47.5335 15.132 45.6145 22.843 47.5225 15.159 45.636 22.7195 47.515 15.178 45.6515 22.6335 47.5095 15.1915 
0.0177 45.746 21.111 47.1555 15.615 45.752 21.079 47.152 15.624 45.7575 21.0515 47.149 15.6315 45.7625 21.0275 47.147 15.638 45.7665 21.007 47.1445 15.6445 
0.0179 46.026 18.9015 46.6275 16.6275 46.0275 18.8935 46.6265 16.632 46.029 18.8865 46.625 16.6365 46.031 18.879 46.6235 16.6405 46.033 18.8725 46.622 16.645 46.034 
0.0181 46.182 17.5315 46.1055 17.8195 46.1805 17.537 46.107 17.814 46.179 17.5425 46.108 17.8085 46.1775 17.5475 46.1095 17.8035 46.176 17.5525 46.111 17.7985 46.1745 
0.0183 46.2135 16.781 45.6655 18.8725 46.1915 16.855 45.6915 18.7625 46.171 16.9235 45.714 18.6655 46.1525 16.9865 45.7345 18.579 46.136 17.044 45.7525 18.5025 46.1205 
0.0185 46.1465 16.4255 45.333 19.5715 46.096 16.5855 45.393 19.294 46.053 16.724 45.443 19.0715 46.016 16.846 45.484 18.889 45.9845 16.953 45.5195 18.7375 45.957 
0.0187 46.005 16.3295 45.0975 19.8645 45.931 16.559 45.185 19.452 45.8715 16.7505 45.2525 19.145 45.8225 16.9125 45.306 18.908 45.7825 17.05 45.3495 18.7205 45.7485 
0.0189 45.805 16.424 44.9405 19.8035 45.7195 16.6935 45.037 19.35 45.653 16.912 45.1085 19.0255 45.6005 17.0905 45.164 18.7845 45.5585 17.2375 45.207 18.601 45.524 
0.0191 19.942 45.5385 16.7425 44.861 19.3925 45.4605 17 44.943 19.022 45.401 17.2045 45.003 18.759 45.3555 17.3665 45.0475 18.568 45.32 17.495 45.082 18.425 
0.0193 18.7325 45.1565 17.498 44.8905 18.5405 45.121 17.629 44.923 18.404 45.094 17.7285 44.947 18.305 45.0745 17.8035 44.965 18.2325 45.0595 17.86 44.9785 18.1795 
0.0195 17.2635 44.6405 18.928 44.999 17.489 44.6995 18.671 44.9545 17.655 44.7405 18.497 44.922 17.7765 44.7695 18.3775 44.8985 17.865 44.7895 18.2945 44.8815 17.9295 
0.0197 16.733 44.3 19.773 44.9395 17.153 44.4255 19.187 44.8535 17.4525 44.5045 18.8335 44.795 17.6655 44.5575 18.608 44.755 17.816 44.5925 18.461 44.7275 17.921 
0.0199 45.106 16.173 43.9265 20.8975 44.884 16.835 44.152 19.746 44.75 17.281 44.2785 19.155 44.663 17.5885 44.356 18.8115 44.6065 17.798 44.406 18.6 44.5695 
0.0201 44.592 17.3125 44.1085 19.2435 44.4955 17.6565 44.193 18.8655 44.4345 17.8835 44.2445 18.6445 44.396 18.031 44.2765 18.5105 44.372 18.126 44.2965 18.4285 44.3565 18.187 
0.0203 44.02 18.977 44.2745 17.9345 44.079 18.7225 44.2315 18.0995 44.114 18.576 44.2055 18.202 44.134 18.49 44.19 18.2645 44.147 18.4385 44.1805 18.3025 44.1545 18.408 
0.0205 43.756 19.5205 44.181 17.7485 43.864 19.0275 44.107 18.026 43.924 18.767 44.064 18.193 43.9585 18.623 44.039 18.2925 43.9775 18.542 44.0245 18.351 43.989 18.495 
0.0207 19.471 44.001 17.8965 43.726 19.0135 43.932 18.1585 43.78 18.7795 43.894 18.3095 43.8095 18.655 43.8725 18.3955 43.8255 18.5875 43.8605 18.444 43.8345 18.55 
0.0209 19.2635 43.801 18.1345 43.6065 18.9295 43.749 18.3375 43.6455 18.7615 43.7215 18.4485 43.6665 18.6745 43.7065 18.509 43.677 18.629 43.699 18.541 43.683 18.605 
0.0211 19.049 43.601 18.3895 43.489 18.8505 43.569 18.517 43.512 18.753 43.553 18.583 43.524 18.7035 43.5445 18.6175 43.5295 18.679 43.5405 18.6345 43.533 18.666 
0.0213 18.8795 43.4095 18.6275 43.3675 18.802 43.397 18.6795 43.3765 18.7645 43.391 18.705 43.381 18.7465 43.388 18.717 43.383 18.738 43.3865 18.7235 43.384 18.7335 
0.0215 18.768 43.23 18.834 43.241 18.7885 43.2335 18.82 43.2385 18.7985 43.235 18.813 43.2375 18.803 43.236 18.8095 43.237 18.8055 43.236 18.8085 43.2365 18.8065 
0.0217 18.716 43.063 19.0035 43.1085 18.8095 43.078 18.9385 43.0985 18.8515 43.085 18.9095 43.094 18.8705 43.088 18.8965 43.092 18.8795 43.089 18.891 43.091 18.883 
0.0219 43.006 18.719 42.907 19.1365 42.972 18.859 42.93 19.0385 42.9575 18.9205 42.939 18.9975 42.951 18.947 42.9435 18.98 42.9485 18.958 42.9455 18.9725 42.947 18.9635 
0.0221 42.871 18.774 42.762 19.2335 42.832 18.9345 42.787 19.124 42.816 19.0015 42.798 19.079 42.8095 19.0295 42.802 19.0615 42.8065 19.041 42.8035 19.054 42.806 19.0455 
0.0223 42.7265 18.8775 42.627 19.299 42.6895 19.031 42.6505 19.1965 42.675 19.0925 42.6595 19.1575 42.6695 19.1165 42.663 19.1425 42.667 19.126 42.6645 19.136 42.6665 19.1295 
0.0225 42.572 19.0335 42.5015 19.333 42.5445 19.148 42.518 19.2605 42.5345 19.191 42.5245 19.2335 42.5305 19.2075 42.527 19.223 42.5295 19.2135 42.5275 19.2195 42.5285 19.216 
0.0227 42.407 19.2445 42.385 19.339 42.3985 19.282 42.3905 19.3165 42.395 19.296 42.392 19.308 42.394 19.301 42.3925 19.3055 42.3935 19.3025 42.393 19.304 42.3935 19.3035 
0.0229 42.236 19.4965 42.2745 19.331 42.252 19.427 42.265 19.3705 42.2575 19.4035 42.262 19.3845 42.259 19.3955 42.261 19.389 42.2595 19.393 42.2605 19.3905 42.26 19.392 
0.0231 42.0735 19.7275 42.1605 19.3455 42.1115 19.559 42.1395 19.4365 42.1235 19.506 42.1325 19.4665 42.127 19.489 42.13 19.476 42.129 19.483 42.1295 19.4795 42.129 19.4815 
0.0233 19.2095 41.9515 19.7855 42.027 19.4565 41.985 19.637 42.008 19.5355 41.9955 19.592 42.0025 19.5605 41.9985 19.5775 42.001 19.568 41.9995 19.5735 42.0005 19.5705 42 19.572 
0.0235 20.067 41.9205 19.459 41.847 19.7785 41.887 19.6025 41.8655 19.6975 41.877 19.6455 41.8705 19.674 41.874 19.6585 41.872 19.667 41.873 19.6625 41.8725 19.6645 41.873 
0.0237 19.133 41.6655 20.125 41.79 19.575 41.7245 19.8575 41.7595 19.706 41.741 19.7855 41.7505 19.7435 41.7455 19.7655 41.7485 19.7535 41.747 19.76 41.7475 19.7565 
0.0239 41.558 20.1495 41.6575 19.7075 41.6065 19.93 41.633 19.8135 41.6195 19.8735 41.626 19.843 41.6225 19.8585 41.6245 19.8505 41.6235 19.8545 41.624 19.8525 41.6235 19.8535 
0.0241 41.5195 19.874 41.4935 19.9885 41.5065 19.931 41.5 19.9595 41.503 19.945 41.502 19.952 41.5025 19.949 41.502 19.9505 41.502 19.95 41.502 19.95 41.502 19.95 
0.0243 19.789 41.3525 20.1805 41.3965 19.9855 41.375 20.0795 41.3855 20.0335 41.3805 20.0555 41.383 20.045 41.3815 20.05 41.3825 20.0475 41.382 20.049 41.382 20.048 
0.0245 20.008 41.248 20.217 41.271 20.1165 41.26 20.164 41.265 20.1415 41.263 20.1515 41.2645 20.1465 41.2635 20.149 41.264 20.148 41.264 20.1485 41.2635 20.1485 
0.0247 20.2215 41.1445 20.263 41.148 20.244 41.1465 20.2525 41.1475 20.2485 41.147 20.2505 41.147 20.25 41.147 20.25 41.147 20.25 41.147 20.25 41.147 20.25 
0.0249 20.388 41.0355 20.3375 41.0305 20.36 41.0325 20.35 41.0315 20.3545 41.032 20.3525 41.032 20.3535 41.032 20.353 41.0315 20.3535 41.0315 20.3535 41.0315 20.3535 
0.0251 20.518 40.924 20.4325 40.9155 20.469 40.9195 20.453 40.918 20.46 40.9185 20.457 40.918 20.4585 40.9185 20.4575 40.9185 20.458 40.918 20.458 40.918 20.458 
0.0253 20.6265 40.8125 20.538 40.804 20.575 40.8075 20.5595 40.806 20.566 40.8065 20.5635 40.806 20.5645 40.8065 20.564 40.8065 20.564 40.8065 20.564 40.8065 20.564 
0.0255 20.7265 40.7005 20.6505 40.6935 20.681 40.6965 20.669 40.695 20.674 40.6955 20.672 40.6955 20.6725 40.6955 20.6725 40.6955 20.672 40.696 20.672 40.696 20.672 
0.0257 20.823 40.59 20.766 40.585 20.788 40.587 20.7795 40.5865 20.783 40.5865 20.7815 40.5865 20.782 40.5865 20.782 40.5865 20.782 40.5865 20.7815 40.5865 20.782 
0.0259 20.921 40.4815 20.8825 40.478 20.897 40.479 20.892 40.4785 20.894 40.4785 20.893 40.479 20.893 40.479 20.893 40.479 20.893 40.479 20.893 40.4785 20.8935 
0.0261 21.0225 40.374 21 40.372 21.0085 40.3725 21.0055 40.372 21.0065 40.3725 21.006 40.3725 21.006 40.3725 21.006 40.3725 21.006 40.3725 21.006 40.3725 21.006 
0.0263 21.128 40.268 21.118 40.2675 21.1215 40.2675 21.1205 40.267 21.121 40.2675 21.1205 40.2675 21.121 40.267 21.121 40.2675 21.1205 40.2675 21.121 40.267 21.121 
0.0265 21.238 40.1635 21.237 40.1635 21.2375 40.1635 21.237 40.1635 21.237 40.1635 21.2375 40.1635 21.237 40.1635 21.2375 40.1635 21.237 40.1635 21.237 40.1635 21.2375 
0.0267 21.3525 40.061 21.356 40.061 21.355 40.061 21.3555 40.0605 21.3555 40.061 21.355 40.061 21.3555 40.061 21.355 40.061 21.3555 40.061 21.355 40.061 21.355 
0.0269 21.4715 39.9595 21.476 39.96 21.4745 39.9595 21.4755 39.9595 21.475 39.9595 21.475 39.96 21.475 39.9595 21.475 39.9595 21.475 39.96 21.475 39.9595 21.475 
0.0271 21.594 39.859 21.5975 39.8595 21.5965 39.8595 21.5965 39.8595 21.5965 39.8595 21.5965 39.8595 21.5965 39.8595 21.5965 39.8595 21.5965 39.8595 21.5965 39.8595 21.5965 
0.0273 21.7185 39.76 21.7205 39.7605 21.7195 39.7605 21.72 39.7605 21.72 39.76 21.72 39.7605 21.72 39.7605 21.7195 39.7605 21.72 39.7605 21.72 39.76 21.72 
0.0275 21.846 39.662 21.845 39.6625 21.845 39.6625 21.845 39.6625 21.845 39.662 21.845 39.6625 21.845 39.6625 21.845 39.6625 21.845 39.6625 21.845 39.662 21.845 
0.0277 39.565 21.974 39.566 21.971 39.5655 21.972 39.5655 21.972 39.5655 21.972 39.5655 21.9715 39.5655 21.972 39.5655 21.972 39.5655 21.972 39.5655 21.9715 39.5655 21.972 
0.0279 39.469 22.1035 39.47 22.1 39.4695 22.1005 39.4695 22.1005 39.4695 22.101 39.4695 22.1005 39.4695 22.1005 39.4695 22.1005 39.47 22.1005 39.4695 22.1005 39.4695 22.1005 
0.0281 39.374 22.233 39.3745 22.2305 39.375 22.231 39.3745 22.231 39.375 22.231 39.3745 22.231 39.3745 22.231 39.375 22.231 39.3745 22.231 39.375 22.231 39.3745 22.231 
0.0283 39.281 22.362 39.2805 22.3635 39.281 22.363 39.281 22.363 39.281 22.363 39.281 22.3635 39.2805 22.3635 39.2805 22.3635 39.2805 22.3635 39.2805 22.3635 39.2805 22.3635 
0.0285 39.1885 22.493 39.187 22.4985 39.1875 22.4975 39.1875 22.4975 39.1875 22.498 39.1875 22.4975 39.1875 22.4975 39.1875 22.4975 39.1875 22.4975 39.1875 22.498 39.1875 22.4975 
0.0287 39.0955 22.632 39.095 22.634 39.095 22.634 39.095 22.6335 39.0955 22.6335 39.0955 22.6335 39.095 22.634 39.095 22.634 39.095 22.6335 39.0955 22.6335 39.095 22.634 
0.0289 39.0015 22.7825 39.004 22.77 39.0035 22.772 39.0035 22.772 39.0035 22.7715 39.004 22.7715 39.0035 22.772 39.0035 22.7715 39.004 22.7715 39.0035 22.772 39.0035 
0.0291 22.946 38.914 22.907 38.9125 22.9125 38.913 22.9115 38.9125 22.912 38.9125 22.912 38.9125 22.912 38.9125 22.912 38.9125 22.9115 38.913 22.9115 38.913 22.9115 38.913 
0.0293 24.9335 38.828 23.0305 38.822 23.056 38.823 23.053 38.823 23.0535 38.8225 23.0535 38.823 23.0535 38.8225 23.0535 38.8225 23.0535 38.823 23.0535 38.8225 23.0535 38.823 
0.0295 31.0875 38.026 26.804 38.6475 23.581 38.7395 23.1685 38.733 23.2 38.733 23.1975 38.733 23.1975 38.733 23.1975 38.733 23.1975 38.7335 23.197 38.7335 23.197 
0.0297 35.833 34.9675 36.0785 34.508 36.471 33.5625 37.0535 31.502 37.8135 27.6075 38.4845 24.0705 38.651 23.3155 38.6435 23.3455 38.6445 23.343 38.644 23.3435 
0.0299 37.5305 28.7695 38.252 24.912 38.55 23.518 38.5565 23.489 38.556 23.491 38.556 23.491 38.556 23.491 38.556 23.491 38.556 23.491 38.556 23.491 38.556 23.4905 
0.0301 38.1575 25.084 38.455 23.6985 38.4685 23.6385 38.4685 23.6405 38.4685 23.6405 38.468 23.641 38.468 23.641 38.468 23.6405 38.4685 23.6405 38.468 23.641 38.468 23.6405 
0.0303 38.294 24.1735 38.3805 23.7925 38.381 23.7925 38.3805 23.7925 38.381 23.7925 38.3805 23.7925 38.381 23.7925 38.3805 23.7925 38.381 23.7925 38.3805 23.7925 38.381 23.7925 
0.0305 24.068 38.2935 23.947 38.2935 23.9465 38.2935 23.9465 38.294 23.9465 38.2935 23.9465 38.2935 23.9465 38.2935 23.9465 38.2935 23.9465 38.2935 23.9465 38.294 23.9465 
0.0307 24.157 38.2065 24.104 38.2065 24.1025 38.207 24.1025 38.2065 24.1025 38.207 24.1025 38.207 24.1025 38.2065 24.1025 38.207 24.1025 38.2065 24.1025 38.207 24.1025 
0.0309 24.295 38.12 24.262 38.1205 24.2605 38.12 24.261 38.12 24.2605 38.1205 24.2605 38.12 24.261 38.12 24.2605 38.1205 24.2605 38.12 24.261 38.12 24.2605 
0.0311 24.4475 38.0335 24.4225 38.0335 24.421 38.034 24.421 38.0335 24.421 38.0335 24.421 38.034 24.421 38.0335 24.421 38.0335 24.421 38.034 24.421 38.0335 24.421 
0.0313 24.6065 37.947 24.5855 37.947 24.5835 37.9475 24.5835 37.947 24.5835 37.9475 24.5835 37.947 24.5835 37.9475 24.5835 37.947 24.5835 37.9475 24.5835 37.947 24.5835 
0.0315 24.7695 37.8605 24.7505 37.8605 24.7485 37.861 24.748 37.861 24.748 37.861 24.748 37.861 24.748 37.861 24.748 37.861 24.748 37.861 24.748 37.861 24.748 
0.0317 24.9355 37.7735 24.918 37.774 24.9155 37.7745 24.915 37.7745 24.915 37.7745 24.915 37.774 24.9155 37.774 24.915 37.7745 24.915 37.7745 24.915 37.7745 24.915 
0.0319 25.1045 37.687 25.087 37.6875 25.085 37.6875 25.0845 37.6875 25.0845 37.6875 25.084 37.688 25.084 37.688 25.084 37.6875 25.0845 37.6875 25.0845 37.6875 25.0845 
0.0321 25.2755 37.5995 25.2595 37.6005 25.2565 37.6005 25.256 37.6005 25.256 37.6005 25.256 37.6005 25.256 37.6005 25.256 37.6005 25.256 37.6005 25.256 37.6005 25.256 
0.0323 25.449 37.512 25.4335 37.513 25.431 37.513 25.43 37.513 25.43 37.513 25.43 37.513 25.43 37.513 25.43 37.513 25.43 37.513 25.43 37.513 25.43 
0.0325 25.625 37.424 25.6105 37.4245 25.6075 37.425 25.6065 37.425 25.6065 37.425 25.6065 37.425 25.6065 37.425 25.6065 37.425 25.6065 37.425 25.606 37.4255 25.606 
0.0327 25.8025 37.3355 25.7895 37.3365 25.786 37.3365 25.7855 37.3365 25.7855 37.3365 25.785 37.3365 25.785 37.3365 25.7855 37.3365 25.785 37.3365 25.7855 37.3365 25.785 
0.0329 25.9825 37.246 25.971 37.2465 25.968 37.247 25.967 37.247 25.967 37.247 25.9665 37.2475 25.9665 37.247 25.967 37.247 25.9665 37.247 25.967 37.247 25.9665 
0.0331 26.1645 37.1555 26.155 37.156 26.152 37.157 26.151 37.157 26.1505 37.157 26.1505 37.157 26.151 37.1565 26.151 37.1565 26.151 37.1565 26.151 37.1565 26.151 
0.0333 26.348 37.0645 26.341 37.065 26.3385 37.0655 26.338 37.065 26.338 37.065 26.338 37.065 26.338 37.065 26.3375 37.0655 26.3375 37.0655 26.3375 37.0655 26.3375 
0.0335 26.533 36.972 26.529 36.9725 26.528 36.9725 26.5275 36.9725 26.5275 36.9725 26.5275 36.9725 26.527 36.973 26.527 36.9725 26.5275 36.9725 26.5275 36.9725 26.527 
0.0337 26.7195 36.8785 26.7195 36.8785 26.72 36.8785 26.7195 36.8785 26.72 36.8785 26.7195 36.8785 26.72 36.8785 26.7195 36.8785 26.72 36.8785 26.7195 36.8785 26.72 
0.0339 26.907 36.784 26.912 36.783 26.914 36.783 26.9145 36.783 26.915 36.7825 26.9155 36.7825 26.9155 36.7825 26.9155 36.7825 26.9155 36.7825 26.9155 36.7825 26.9155 
0.0341 27.0965 36.687 27.1065 36.686 27.111 36.685 27.113 36.685 27.1135 36.685 27.114 36.685 27.114 36.685 27.114 36.685 27.114 36.685 27.114 36.685 27.114 
0.0343 27.287 36.589 27.303 36.587 27.31 36.586 27.313 36.5855 27.315 36.5855 27.3155 36.585 27.316 36.585 27.3165 36.585 27.316 36.585 27.3165 36.585 27.3165 
0.0345 27.479 36.489 27.501 36.486 27.5115 36.484 27.517 36.4835 27.5195 36.483 27.5205 36.483 27.5215 36.4825 27.522 36.4825 27.522 36.4825 27.522 36.483 
0.0347 27.673 36.387 27.701 36.3825 27.7155 36.38 27.7235 36.379 27.727 36.378 27.729 36.3785 27.73 36.378 27.7305 36.378 27.7305 36.378 27.731 36.378 
0.0349 27.87 36.282 27.904 36.2765 27.922 36.273 27.9325 36.2715 27.938 36.2705 27.941 36.27 27.9425 36.27 27.9435 36.2695 27.9445 36.2695 27.944 36.27 
0.0351 36.187 28.0705 36.1745 28.1095 36.1675 28.1315 36.1635 28.1445 36.161 28.152 36.1595 28.156 36.159 28.159 36.1585 28.16 36.1585 28.161 36.158 28.162 36.1575 
0.0353 36.077 28.277 36.063 28.3195 36.055 28.3445 36.05 28.36 36.047 28.37 36.045 28.3755 36.0435 28.3795 36.043 28.3815 36.0425 28.3825 36.0425 28.3835 36.0425 
0.0355 35.962 28.4915 35.947 28.5355 35.938 28.563 35.932 28.5805 35.9285 28.592 35.9255 28.5995 35.9245 28.6035 35.9235 28.607 35.9225 28.609 35.9225 28.61 35.922 
0.0357 35.8405 28.7165 35.8255 28.759 35.8155 28.788 35.809 28.8065 35.805 28.8195 35.8015 28.828 35.8 28.8335 35.7985 28.838 35.7975 28.8405 35.797 28.842 35.7965 
0.0359 35.71 28.955 35.696 28.994 35.687 29.021 35.68 29.04 35.6755 29.0535 35.6715 29.063 35.6695 29.0695 35.668 29.0745 35.6665 29.0775 35.666 29.08 35.665 
0.0361 35.57 29.209 35.558 29.242 35.549 29.266 35.543 29.2835 35.538 29.297 35.5345 29.306 35.532 29.313 35.53 29.318 35.529 29.322 35.5275 29.325 35.5265 
0.0363 35.419 29.479 35.409 29.505 35.4015 29.525 35.3955 29.5395 35.3915 29.551 35.388 29.5595 35.3855 29.566 35.3835 29.5715 35.382 29.5755 35.381 29.5785 35.38 
0.0365 35.2545 29.765 35.2475 29.7835 35.2415 29.798 35.237 29.809 35.2335 29.8185 35.2305 29.8255 35.228 29.8315 35.2265 29.836 35.225 29.8395 35.224 29.8425 35.223 
0.0367 35.078 30.0625 35.0725 30.0745 35.0685 30.0845 35.065 30.0925 35.0625 30.0995 35.0595 30.1055 35.058 30.11 35.056 30.114 35.0545 30.1175 35.0535 30.1205 35.0525 
0.0369 34.8895 30.363 34.8855 30.3725 34.882 30.38 34.879 30.387 34.876 30.393 34.874 30.3975 34.8725 30.402 34.8705 30.4055 34.869 30.409 34.868 30.4115 34.867 
0.0371 34.692 30.6595 34.687 30.669 34.6835 30.677 34.68 30.6845 34.6765 30.6915 34.674 30.697 34.6715 30.7025 34.669 30.707 34.667 30.7115 34.665 30.715 
0.0373 34.4875 30.9425 34.481 30.955 34.475 30.9665 34.4695 30.977 34.465 30.9865 34.46 30.9955 34.456 31.003 34.4525 31.0105 34.449 31.017 34.4455 31.0235 
0.0375 34.28 31.204 34.2705 31.2215 34.2615 31.238 34.2525 31.253 34.245 31.267 34.238 31.28 34.231 31.292 34.2245 31.303 34.219 31.314 34.2125 31.324 
0.0377 34.0725 31.4405 34.059 31.4625 34.0465 31.4835 34.0345 31.5035 34.023 31.5225 34.012 31.54 34.0015 31.557 33.992 31.5725 33.983 31.5875 33.974 31.6015 
0.0379 33.868 31.6475 33.8505 31.6745 33.834 31.7 33.8185 31.7235 33.803 31.7465 33.789 31.7675 33.7755 31.7885 33.762 31.808 33.749 31.8265 33.7375 31.8445 
0.0381 33.6695 31.826 33.6485 31.8555 33.6285 31.8835 33.61 31.9095 33.592 31.935 33.5745 31.959 33.5575 31.982 33.542 32.003 33.5265 32.0245 33.5115 32.0445 
0.0383 33.4775 31.977 33.4545 32.007 33.433 32.0355 33.4125 32.0625 33.3925 32.0885 33.373 32.113 33.3545 32.1365 33.337 32.1585 33.32 32.1795 33.304 32.2 
0.0385 33.2945 32.102 33.271 32.1315 33.2485 32.159 33.227 32.185 33.207 32.209 33.1875 32.233 33.1685 32.255 33.151 32.2755 33.134 32.2955 33.118 32.314 
0.0387 33.1215 32.204 33.0985 32.231 33.077 32.2555 33.0565 32.279 33.0375 32.301 33.019 32.3215 33.002 32.3405 32.9855 32.359 32.97 32.376 32.955 32.3925 
0.0389 32.9585 32.286 32.938 32.308 32.919 32.329 32.901 32.3485 32.8845 32.3665 32.8685 32.3835 32.8535 32.3995 32.8395 32.414 32.827 32.4275 32.8145 32.4405 
0.0391 32.806 32.349 32.7895 32.3665 32.774 32.3825 32.76 32.397 32.747 32.4105 32.735 32.423 32.7235 32.4345 32.713 32.4455 32.703 32.455 32.694 32.4645 32.686 
0.0393 32.664 32.3965 32.6525 32.4085 32.642 32.4185 32.633 32.4275 32.6245 32.4365 32.616 32.4445 32.609 32.4515 32.602 32.4585 32.596 32.464 32.5905 32.47 32.585 
0.0395 32.532 32.431 32.527 32.4355 32.5225 32.4395 32.519 32.4435 32.515 32.447 32.5115 32.4505 32.5085 32.4535 32.506 32.4555 32.5035 32.458 32.5015 32.4605 32.499 
0.0397 32.4095 32.453 32.412 32.4505 32.414 32.449 32.416 32.4465 32.418 32.445 32.4195 32.444 32.4205 32.4425 32.422 32.4415 32.4225 32.4405 32.424 32.4395 32.4245 
0.0399 32.297 32.4645 32.307 32.455 32.316 32.447 32.324 32.44 32.331 32.433 32.337 32.4275 32.343 32.4225 32.347 32.4185 32.3515 32.414 32.3555 32.4105 32.359 
0.0401 32.193 32.467 32.2115 32.4505 32.2275 32.4365 32.241 32.424 32.253 32.413 32.264 32.4035 32.273 32.3945 32.2815 32.3875 32.288 32.381 32.2945 32.3755 32.2995 
0.0403 32.0965 32.4625 32.1235 32.439 32.146 32.419 32.166 32.4015 32.183 32.386 32.1975 32.373 32.2105 32.3615 32.221 32.352 32.2305 32.343 32.2385 32.336 32.2455 
